AccountAddress,ValidatorAddress,TotalStake
account_rdx16y0tuf9vyc8vj2lyt9s596u4vjn0e0g4nv0y44vhkacv7w0qthuh3z,validator_rdx1sd6n65sx0thvfzfp6x0jp4qgwxtudpx575wpwqespdlva2wldul9xk,6000000.0
account_rdx1686dqdyg6qvkcttqu6kspvltperaenl7c8ef0tcpeczahk7a296nvd,validator_rdx1sd6n65sx0thvfzfp6x0jp4qgwxtudpx575wpwqespdlva2wldul9xk,4050000.0
account_rdx16ympypu5flyryrp360xpkj7svh75yqt9twg3hmkkxdpk79r97t6ln9,validator_rdx1sd6n65sx0thvfzfp6x0jp4qgwxtudpx575wpwqespdlva2wldul9xk,4000000.0
account_rdx16y0rueqqkyvkhc0cyr2x7cdktdkpy4dzhmzxja5xtwnw76fu3pfjpa,validator_rdx1sd6n65sx0thvfzfp6x0jp4qgwxtudpx575wpwqespdlva2wldul9xk,3752270.1215009107
account_rdx16ytpkj9av6jtaetcrspk02jf7kge8mhap7vu4gzqs5hl369u4sggag,validator_rdx1sd6n65sx0thvfzfp6x0jp4qgwxtudpx575wpwqespdlva2wldul9xk,3000000.0
account_rdx169c0rtcg82l3vqrmvxd4cvzdp2ufkcfctcngpelgwwzn2gu9ruydmf,validator_rdx1sd6n65sx0thvfzfp6x0jp4qgwxtudpx575wpwqespdlva2wldul9xk,2700000.0
account_rdx169lr227xdfhvnrckxypw56fhfckyw5hjrhmfr8k2wah46jrq8g2w2q,validator_rdx1sd6n65sx0thvfzfp6x0jp4qgwxtudpx575wpwqespdlva2wldul9xk,2400000.0
account_rdx16x05pwge28qd2ah630pss5jdy099g8z7a4w7m78w9aeqkm2a6xfjfu,validator_rdx1sd6n65sx0thvfzfp6x0jp4qgwxtudpx575wpwqespdlva2wldul9xk,2062000.0
account_rdx16ym3pg2evcp3rm6v8glq9ll96k08hzf8gkuv2wmep56sqzrz70w9de,validator_rdx1sd6n65sx0thvfzfp6x0jp4qgwxtudpx575wpwqespdlva2wldul9xk,1250000.0
account_rdx16872qlxchfr0wwyqum5ym3yuc4e8ss873su95y6jg2ekczmgpz8yf9,validator_rdx1sd6n65sx0thvfzfp6x0jp4qgwxtudpx575wpwqespdlva2wldul9xk,1000000.0
account_rdx169wmrcer4zzgrndvkfr5fspm6s2t7cuuad9l2gqdzq397rsu3n2dyd,validator_rdx1sd6n65sx0thvfzfp6x0jp4qgwxtudpx575wpwqespdlva2wldul9xk,1000000.0
account_rdx168raudh2avum7pdktvtta894f4h93kqkpkhslwzacw7tp0rf9s3nx2,validator_rdx1sd6n65sx0thvfzfp6x0jp4qgwxtudpx575wpwqespdlva2wldul9xk,550000.0
account_rdx1698ft7xfrf5g3le9wwpx9alj8rjmh25grd3wtv0dmjcwg30hlan9ye,validator_rdx1sd6n65sx0thvfzfp6x0jp4qgwxtudpx575wpwqespdlva2wldul9xk,535884.0
account_rdx16806tszy6h3zenmfj200c49r2hvfjcy7hukwxlc35g4z3dgpdu5d30,validator_rdx1sd6n65sx0thvfzfp6x0jp4qgwxtudpx575wpwqespdlva2wldul9xk,400789.0
account_rdx168hpuepvs6qgrzeg9hvwmeea9f0nj0wsgmtl0t085qjk3p5j55xdm9,validator_rdx1sd6n65sx0thvfzfp6x0jp4qgwxtudpx575wpwqespdlva2wldul9xk,400000.0
account_rdx169k4jnpzhu78aahsxd4vhxxdau4spsk3mc4ved65gx8zptxunqu4a0,validator_rdx1sd6n65sx0thvfzfp6x0jp4qgwxtudpx575wpwqespdlva2wldul9xk,390400.0
account_rdx16xuappcf4zj5ypkqvmk2c2ppkssutem960j4uak4n6f89hxfutda6y,validator_rdx1sd6n65sx0thvfzfp6x0jp4qgwxtudpx575wpwqespdlva2wldul9xk,300000.0
account_rdx16y6spuy7pvxj3v9ruezge6dvnvjkjja70wmv8fa4c73n4csl9p3pr5,validator_rdx1sd6n65sx0thvfzfp6x0jp4qgwxtudpx575wpwqespdlva2wldul9xk,300000.0
account_rdx128l87v002wp23hjy9jzky2z0ncu4hwlj82sklke5mzmyxxg2430psf,validator_rdx1sd6n65sx0thvfzfp6x0jp4qgwxtudpx575wpwqespdlva2wldul9xk,258460.0
validator_rdx1sd6n65sx0thvfzfp6x0jp4qgwxtudpx575wpwqespdlva2wldul9xk,validator_rdx1sd6n65sx0thvfzfp6x0jp4qgwxtudpx575wpwqespdlva2wldul9xk,243373.20569917845
account_rdx1699rkldf0j9pgwutx2e7maadjmzvaphhd6ffk7qr6qxt079zsxzd2a,validator_rdx1sd6n65sx0thvfzfp6x0jp4qgwxtudpx575wpwqespdlva2wldul9xk,241400.0
account_rdx16xap26hyc2m0wghp2q4e3wjedjj63vxcdccvrhz3ymyhh82m9tq252,validator_rdx1sd6n65sx0thvfzfp6x0jp4qgwxtudpx575wpwqespdlva2wldul9xk,240000.0
account_rdx1682u83xrhq5qy4w5y4d5wdf774pswk92j3fucwfp9w4qv6muwrwc9l,validator_rdx1sd6n65sx0thvfzfp6x0jp4qgwxtudpx575wpwqespdlva2wldul9xk,220000.0
account_rdx168kcedu0hnxh58zuu0cch55ccg3e9asjrzp8fkey3wnzrr7kjayr7p,validator_rdx1sd6n65sx0thvfzfp6x0jp4qgwxtudpx575wpwqespdlva2wldul9xk,200000.0
account_rdx16xet2vwd69kwurwcsrmynngf0crf3ndqr5dzqh2kunhvlrtr0jsj80,validator_rdx1sd6n65sx0thvfzfp6x0jp4qgwxtudpx575wpwqespdlva2wldul9xk,200000.0
account_rdx168azu0e0d60z233wsxxma5lnzv6apftdp84l5knr68ju9ykpjsq8wd,validator_rdx1sd6n65sx0thvfzfp6x0jp4qgwxtudpx575wpwqespdlva2wldul9xk,200000.0
account_rdx16ycjthvxh9u2lmlsdft3gh6zu3wclt2xd7n7zup3jh6a5yj86ykzzu,validator_rdx1sd6n65sx0thvfzfp6x0jp4qgwxtudpx575wpwqespdlva2wldul9xk,187700.0
account_rdx16y6jdwpgrr8aqssxr5akdmlkf3qwzcrac6m68ujn0w9nlah5glmsra,validator_rdx1sd6n65sx0thvfzfp6x0jp4qgwxtudpx575wpwqespdlva2wldul9xk,182695.0
account_rdx16x9p4prrvkq40m824zvfrhfh0qac3r22c3eyd2r2ejgc6fkdq9t39w,validator_rdx1sd6n65sx0thvfzfp6x0jp4qgwxtudpx575wpwqespdlva2wldul9xk,170000.0
account_rdx169nzfv8ehea4gdas8eswac5jeeacc5s7ycnsjf04sq9srzn0w4ylzf,validator_rdx1sd6n65sx0thvfzfp6x0jp4qgwxtudpx575wpwqespdlva2wldul9xk,164000.0
account_rdx169pdsdgv9jjp6ml7peswve58x3pzy24839lkxwj647rru9j33uxypc,validator_rdx1sd6n65sx0thvfzfp6x0jp4qgwxtudpx575wpwqespdlva2wldul9xk,160000.0
account_rdx12ya90t6ydglh7e6wvxcwg7llcyhf76kdzmhaf9t30dm6m00mw6r5x2,validator_rdx1sd6n65sx0thvfzfp6x0jp4qgwxtudpx575wpwqespdlva2wldul9xk,159145.35
account_rdx16xm53g9z2m5yaq85dxv5y02m3ywq23yc2hlta6rzdr0yrqlsuzny6p,validator_rdx1sd6n65sx0thvfzfp6x0jp4qgwxtudpx575wpwqespdlva2wldul9xk,156000.0
account_rdx16xx5tvk9estym5kff5r40nsv4yknld6fr8tsn3zz2t9havdrpvxn4s,validator_rdx1sd6n65sx0thvfzfp6x0jp4qgwxtudpx575wpwqespdlva2wldul9xk,150000.0
account_rdx168uvufanql3g24pfrxfj80vlmyj9thmmw7uf7dq7afywazhn2hm0fj,validator_rdx1sd6n65sx0thvfzfp6x0jp4qgwxtudpx575wpwqespdlva2wldul9xk,144000.0
account_rdx169aq5yrxquyyzcux6q4t9t0y67d0qv6crs3ctjz3t8ce4clwhcy6y2,validator_rdx1sd6n65sx0thvfzfp6x0jp4qgwxtudpx575wpwqespdlva2wldul9xk,143406.0
account_rdx1686452yzghd6d44630ku6afky7k3n3t6vj2d3ajhj263kvhk95u6uf,validator_rdx1sd6n65sx0thvfzfp6x0jp4qgwxtudpx575wpwqespdlva2wldul9xk,142000.0
account_rdx16ydkfmws0zk9yygntxmqqqyss89v5km9a9twjp0k696lr7wmmh590v,validator_rdx1sd6n65sx0thvfzfp6x0jp4qgwxtudpx575wpwqespdlva2wldul9xk,141150.0
account_rdx16ya0wrp60nqq8mry4tcwz7wjw9fzkyeqz57zmepv08l667tzmrv7mj,validator_rdx1sd6n65sx0thvfzfp6x0jp4qgwxtudpx575wpwqespdlva2wldul9xk,139868.69466313062
account_rdx16xhe8zqt2d5x45vut06m3qyjfq74ykpn2j930uj2psrpysz7xutwsp,validator_rdx1sd6n65sx0thvfzfp6x0jp4qgwxtudpx575wpwqespdlva2wldul9xk,138600.0
account_rdx16y7v7qz74ztv6hzmkhdve8xw2s5r6q3f62rx0umqvsrau23n98puny,validator_rdx1sd6n65sx0thvfzfp6x0jp4qgwxtudpx575wpwqespdlva2wldul9xk,138470.0
account_rdx12xdpxkvnu99k56mt2mz2werha5nq98v4t2cffzrtv2yghc36rg0qfz,validator_rdx1sd6n65sx0thvfzfp6x0jp4qgwxtudpx575wpwqespdlva2wldul9xk,137490.0
account_rdx16xmcnavfkhypq3xau34lmpfllshzpu4yzdtmkerfj6q0tjqvttrq3n,validator_rdx1sd6n65sx0thvfzfp6x0jp4qgwxtudpx575wpwqespdlva2wldul9xk,135800.0
account_rdx16xzrtatxyl045hlayflstc74dkmt0gsufcnjkc0r7athw44s0dg4lt,validator_rdx1sd6n65sx0thvfzfp6x0jp4qgwxtudpx575wpwqespdlva2wldul9xk,125650.0
account_rdx16xg08nhs95frg4fym7g8q4s3s4y0al8fpg6dfyw90gcak8jjm9qeqj,validator_rdx1sd6n65sx0thvfzfp6x0jp4qgwxtudpx575wpwqespdlva2wldul9xk,123000.0
account_rdx12xcypwrnfl4pzlj0a0s7n2em7cw52x2wr3gjnn0n55fnk0x8fezkg0,validator_rdx1sd6n65sx0thvfzfp6x0jp4qgwxtudpx575wpwqespdlva2wldul9xk,120000.0
account_rdx169heanxencs3cmq5q2uwl4qm6gphqe37rkm9v2y3qkh6w4vjj9x2aj,validator_rdx1sd6n65sx0thvfzfp6x0jp4qgwxtudpx575wpwqespdlva2wldul9xk,109410.0
account_rdx16xz79r5j2arvu0kv9y3jy38h7r7cc74x3dzjejww6emlxq9eks722s,validator_rdx1sd6n65sx0thvfzfp6x0jp4qgwxtudpx575wpwqespdlva2wldul9xk,108000.0
account_rdx168mpgtkyazsaw6xf24ryvmnk6mghq2yemen068eh6hj6pz0dusakv0,validator_rdx1sd6n65sx0thvfzfp6x0jp4qgwxtudpx575wpwqespdlva2wldul9xk,106000.0
account_rdx12yn6jd8drn3v69p672hcnxsfmrk2xcu2qey74rlz7l6hu6se66lmx5,validator_rdx1sd6n65sx0thvfzfp6x0jp4qgwxtudpx575wpwqespdlva2wldul9xk,101400.0
account_rdx16xndxz20sues7agvhgmpsu0v934d0pclr40j42u643zj8d0cdep527,validator_rdx1sd6n65sx0thvfzfp6x0jp4qgwxtudpx575wpwqespdlva2wldul9xk,100000.0
account_rdx16xax6r5y3frpwqfjln9xdauqn4q2kx32mjpqwhjfsxaa5qns08g409,validator_rdx1sd6n65sx0thvfzfp6x0jp4qgwxtudpx575wpwqespdlva2wldul9xk,100000.0
account_rdx168hzhhhswhymhw92wxlgu4w54akthf2mh02m0xfnc7r794atdzeq5d,validator_rdx1sd6n65sx0thvfzfp6x0jp4qgwxtudpx575wpwqespdlva2wldul9xk,100000.0
account_rdx16xf99sthyn8ud9nr97vtds7tf9dpml48qcc9cpr3yf0t097llt9e09,validator_rdx1sd6n65sx0thvfzfp6x0jp4qgwxtudpx575wpwqespdlva2wldul9xk,100000.0
account_rdx168y60w9u6cenh6wq42hvhejdkl2yuun3rjj0m23qy5qr3jgdxvj3ym,validator_rdx1sd6n65sx0thvfzfp6x0jp4qgwxtudpx575wpwqespdlva2wldul9xk,100000.0
account_rdx168g9kkamqznzyu9ztrya2n08fz58ctzl0xck6w06n788qj4yh5u5em,validator_rdx1sd6n65sx0thvfzfp6x0jp4qgwxtudpx575wpwqespdlva2wldul9xk,100000.0
account_rdx169529f0luy22q0rea5qwj68xq5jzku5pf4ugmn0kkmfpa5wlc35nxa,validator_rdx1sd6n65sx0thvfzfp6x0jp4qgwxtudpx575wpwqespdlva2wldul9xk,100000.0
account_rdx129ujtkhg9x3ekwy3f8f63663y5qpr23plljrv429h890pvyn7nwd90,validator_rdx1sd6n65sx0thvfzfp6x0jp4qgwxtudpx575wpwqespdlva2wldul9xk,100000.0
account_rdx16xkjk40czlcf7szszhzhluhvdf097anfe357lzayklws9hfj0c646t,validator_rdx1sd6n65sx0thvfzfp6x0jp4qgwxtudpx575wpwqespdlva2wldul9xk,100000.0
account_rdx1686wkva450dnwzxjcwkurke3qg36sndld333vzv4dnf875ggru5nyj,validator_rdx1sd6n65sx0thvfzfp6x0jp4qgwxtudpx575wpwqespdlva2wldul9xk,100000.0
account_rdx16ymtkrvgkejdqvujzen00zp0dvcj3c620jadqyxfpmqvupl9hx7x3a,validator_rdx1sd6n65sx0thvfzfp6x0jp4qgwxtudpx575wpwqespdlva2wldul9xk,100000.0
account_rdx16xdcqs2dexdhd33mw79jklqaqn02n9m0p6p97u88qn52chupsqd583,validator_rdx1sd6n65sx0thvfzfp6x0jp4qgwxtudpx575wpwqespdlva2wldul9xk,98000.0
account_rdx16ycdmaef2t8pvtpp2th8ynvdnk89j5934ft7zqe7n600y30f8f2ty2,validator_rdx1sd6n65sx0thvfzfp6x0jp4qgwxtudpx575wpwqespdlva2wldul9xk,96918.7832
account_rdx128acsz9ag095r8uu4w7a4qtya2vmhxehvjccpap00z69y43qshwjax,validator_rdx1sd6n65sx0thvfzfp6x0jp4qgwxtudpx575wpwqespdlva2wldul9xk,91990.0
account_rdx1682m3q6njm37alnplrwmjpmjdg0m6dt6ar8a9zm2em344xaygg3d2p,validator_rdx1sd6n65sx0thvfzfp6x0jp4qgwxtudpx575wpwqespdlva2wldul9xk,89000.0
account_rdx1282dgf0ssp0dnkv7nrrtv90lnyjrckgfzajkmjhfp0gqgzglr963x2,validator_rdx1sd6n65sx0thvfzfp6x0jp4qgwxtudpx575wpwqespdlva2wldul9xk,85000.0
account_rdx168jssuekzyf55l0vs6eyqmv4jv7xkrdn7fh0uf6tmc3y7elw4q3thm,validator_rdx1sd6n65sx0thvfzfp6x0jp4qgwxtudpx575wpwqespdlva2wldul9xk,80218.19941
account_rdx16yfxp4lv7c9ggsdhf2h4kp5mtnrwrpr4zpsy6ykv8s88k95gyn9s8m,validator_rdx1sd6n65sx0thvfzfp6x0jp4qgwxtudpx575wpwqespdlva2wldul9xk,80000.0
account_rdx168jmgwal3732k38vpnrauq7w2w0wgs98qkm9jza0dx32s384tt9mya,validator_rdx1sd6n65sx0thvfzfp6x0jp4qgwxtudpx575wpwqespdlva2wldul9xk,80000.0
account_rdx16974xpkq2mrfr5zmj5rhymzeyttv7t53x8us4q66kkj4s3vgrk2c06,validator_rdx1sd6n65sx0thvfzfp6x0jp4qgwxtudpx575wpwqespdlva2wldul9xk,72500.0
account_rdx16y9xu9d5zv3vfg3ugqlqujhgeg2d5t4cu83mucx3fdssly9zmj0ylj,validator_rdx1sd6n65sx0thvfzfp6x0jp4qgwxtudpx575wpwqespdlva2wldul9xk,70000.0
account_rdx16xmm5m3d0h565qwqr4dje7pqk3ce4qqa2hc0atme0ednq5u7rx8fya,validator_rdx1sd6n65sx0thvfzfp6x0jp4qgwxtudpx575wpwqespdlva2wldul9xk,70000.0
account_rdx169e06ca2usnrn0fkus06a6awfhll0dtwc9x6udt9ukateqcv7fjhe6,validator_rdx1sd6n65sx0thvfzfp6x0jp4qgwxtudpx575wpwqespdlva2wldul9xk,63040.0
account_rdx16xexaedf7d2xc8q8h2uevdcxvlgh0zayd4q3x4y6t2z047wymqmgr4,validator_rdx1sd6n65sx0thvfzfp6x0jp4qgwxtudpx575wpwqespdlva2wldul9xk,61894.0
account_rdx169u5qrmwzhdygl4nedxtxzg9y0l6dq5dv9m7hmulk3nlm6824tet7x,validator_rdx1sd6n65sx0thvfzfp6x0jp4qgwxtudpx575wpwqespdlva2wldul9xk,60000.928919591424
account_rdx16x5etnm8ymz2ayfwm5jvlsj65kh22usexl8n5ystv9wrz4963njfkq,validator_rdx1sd6n65sx0thvfzfp6x0jp4qgwxtudpx575wpwqespdlva2wldul9xk,60000.0
account_rdx168vvrqha86eudefv3g9r8jtlxqpwlgpruls5zy6cxcp2a0rwp0a4ap,validator_rdx1sd6n65sx0thvfzfp6x0jp4qgwxtudpx575wpwqespdlva2wldul9xk,60000.0
account_rdx128652dx3jajk29nl0jzc54wt4llc8gtv6aq304mc2vs9nq27vjrnpk,validator_rdx1sd6n65sx0thvfzfp6x0jp4qgwxtudpx575wpwqespdlva2wldul9xk,59920.0
account_rdx169dvdw5gkk6z9u3nw9dg7lj0h2yv7l6ugcvq0pgapy82h0pqnd5j2t,validator_rdx1sd6n65sx0thvfzfp6x0jp4qgwxtudpx575wpwqespdlva2wldul9xk,58000.0
account_rdx1695jh75pe20eccx80he3nl2k56nq0vw4ttped6j3689ugzffwjgm7c,validator_rdx1sd6n65sx0thvfzfp6x0jp4qgwxtudpx575wpwqespdlva2wldul9xk,55880.0
account_rdx12ykcakzfpr9hz00tgsn8arnsgn29g0ma8ptm9tevyx5cv2jg7tu5z3,validator_rdx1sd6n65sx0thvfzfp6x0jp4qgwxtudpx575wpwqespdlva2wldul9xk,50510.0
account_rdx12xh7dklqatjtfgvxmax0l5hr4mc3fqjfzh4tqe380tm7elsjaw5rgu,validator_rdx1sd6n65sx0thvfzfp6x0jp4qgwxtudpx575wpwqespdlva2wldul9xk,50150.0
account_rdx1290qnejj8zkh5dtr9gmxv5nkdkyf9vfdyj0kpvlsx69gjughnur73q,validator_rdx1sd6n65sx0thvfzfp6x0jp4qgwxtudpx575wpwqespdlva2wldul9xk,50016.0
account_rdx168tqzpaxnmyluy6cha9wme8qkapywwgcdgpmm7avmhvv9rvslrtwyw,validator_rdx1sd6n65sx0thvfzfp6x0jp4qgwxtudpx575wpwqespdlva2wldul9xk,50000.0
account_rdx169lcj45lz87680vgj2yf7rx8kjfpu7elh798jvleyfgd9yhzleqpsf,validator_rdx1sd6n65sx0thvfzfp6x0jp4qgwxtudpx575wpwqespdlva2wldul9xk,50000.0
account_rdx128nz3wcqztgpumsh9k3hq4ht48cz0j6zaqw9lxpzkj9lu6j6ec6jy2,validator_rdx1sd6n65sx0thvfzfp6x0jp4qgwxtudpx575wpwqespdlva2wldul9xk,50000.0
account_rdx169vwxkklyurz0wxulgpx4v0zxv3ezzajlv2ynslcccs2vamwatewpy,validator_rdx1sd6n65sx0thvfzfp6x0jp4qgwxtudpx575wpwqespdlva2wldul9xk,50000.0
account_rdx12xe4fpe44z9ysfg2h8kz3lpukuzahfqpl0647r09hvjax038d7rsr3,validator_rdx1sd6n65sx0thvfzfp6x0jp4qgwxtudpx575wpwqespdlva2wldul9xk,49999.333333333336
account_rdx12xrcctxhaydhc6x7qmg6c370hzgrx7g2ce8fnv6zcnyhdewsucfmnm,validator_rdx1sd6n65sx0thvfzfp6x0jp4qgwxtudpx575wpwqespdlva2wldul9xk,49950.0
account_rdx16xlk2f3usk9tay4x72026zqqsvs8zqrje83z2xvy5t30fajvqxzyvv,validator_rdx1sd6n65sx0thvfzfp6x0jp4qgwxtudpx575wpwqespdlva2wldul9xk,49498.84983205168
account_rdx16875clzwxwvrj7vd4gwtgkp28fjhglgv5axr0kj23zsg0x9pyxs9fu,validator_rdx1sd6n65sx0thvfzfp6x0jp4qgwxtudpx575wpwqespdlva2wldul9xk,48000.0
account_rdx16838hpfqw4nt7pkj53lu23cvdkxec85q20re7s9nzjx9z9fssjz9cv,validator_rdx1sd6n65sx0thvfzfp6x0jp4qgwxtudpx575wpwqespdlva2wldul9xk,47600.0
account_rdx169npzahp8cgxc3sur4z8dqzaxmvl4tuweyravg7kkzlcd5dxv9h5yx,validator_rdx1sd6n65sx0thvfzfp6x0jp4qgwxtudpx575wpwqespdlva2wldul9xk,47045.0
account_rdx12yfzej4pnkhaygw336mr4q5jguld54yhkxhk7jh23zsd3yq4ue9lye,validator_rdx1sd6n65sx0thvfzfp6x0jp4qgwxtudpx575wpwqespdlva2wldul9xk,45800.0
account_rdx168hsmzzmarlmzvgarvn3nmwm5c66zc09eu3rht6k3nfcqch6pupq86,validator_rdx1sd6n65sx0thvfzfp6x0jp4qgwxtudpx575wpwqespdlva2wldul9xk,45000.0
account_rdx16896af5ju92pkv2hfrc94wftx6a3r8smjt8xxxkwnu7juszd588uz6,validator_rdx1sd6n65sx0thvfzfp6x0jp4qgwxtudpx575wpwqespdlva2wldul9xk,45000.0
account_rdx16xe6udy5xwpwhv6xq0xl3ch63ujk5tzkxd0xspy97aq4qte9ydr30u,validator_rdx1sd6n65sx0thvfzfp6x0jp4qgwxtudpx575wpwqespdlva2wldul9xk,43350.0
account_rdx16xpflqk53e7839pd2tgnqxvlzqvv3ata2ad6xu8xdayldy5wmhthv7,validator_rdx1sd6n65sx0thvfzfp6x0jp4qgwxtudpx575wpwqespdlva2wldul9xk,43000.0
account_rdx168pn5mfsdja7sgeddyk2la9p8dy8vxqjycr4sf084xvfrdenwd7cjf,validator_rdx1sd6n65sx0thvfzfp6x0jp4qgwxtudpx575wpwqespdlva2wldul9xk,43000.0
account_rdx16xwfhgtndp3vv9pang5t5c6aeng8yzllr5qmhfhh0m6raf2l3qm6ac,validator_rdx1sd6n65sx0thvfzfp6x0jp4qgwxtudpx575wpwqespdlva2wldul9xk,42500.0
account_rdx1697mep0dlssv5f375vjugg00cekh9wgvpjm69crrwpxdhpm0sf6xtr,validator_rdx1sd6n65sx0thvfzfp6x0jp4qgwxtudpx575wpwqespdlva2wldul9xk,42000.0
account_rdx12ykldaqmwscet05qx9f3ysr64pqw6d5x5sspn838t9mrwzfp9jhh2s,validator_rdx1sd6n65sx0thvfzfp6x0jp4qgwxtudpx575wpwqespdlva2wldul9xk,41640.0
account_rdx1689k9e7pjrk4sav2wleyztpmum76ajgc4tyq3r2mccyca36c7s6mdf,validator_rdx1sd6n65sx0thvfzfp6x0jp4qgwxtudpx575wpwqespdlva2wldul9xk,40467.0
account_rdx16ys2q6rhcdt69r4ps62f63lv82ykh4ftw9mfztzvtuzr28shv2a9fv,validator_rdx1sd6n65sx0thvfzfp6x0jp4qgwxtudpx575wpwqespdlva2wldul9xk,40060.0
account_rdx168zjd7a8jpw3wezy0c8xp6ghajj8zqum04plt4drhqpn6xzmhn7g9k,validator_rdx1sd6n65sx0thvfzfp6x0jp4qgwxtudpx575wpwqespdlva2wldul9xk,40000.0
account_rdx169wnus3g6j6mnyazsy6007htyms4r36demezj53zk372gyvk7vx9k6,validator_rdx1sd6n65sx0thvfzfp6x0jp4qgwxtudpx575wpwqespdlva2wldul9xk,40000.0
account_rdx1686glfx86e308rrmkrp6h644ncqay3w80dhtul0yffduk0qp8sts5k,validator_rdx1sd6n65sx0thvfzfp6x0jp4qgwxtudpx575wpwqespdlva2wldul9xk,40000.0
account_rdx12xcv0tljnqwkpll4wzkpe8aq34jknfzf4l5m74y737z3jf3xzsg9la,validator_rdx1sd6n65sx0thvfzfp6x0jp4qgwxtudpx575wpwqespdlva2wldul9xk,37200.0
account_rdx1299uka3gqpmxyv6ees4wt0a8vvhnnuqf706y6saszhl9dduagrgwnz,validator_rdx1sd6n65sx0thvfzfp6x0jp4qgwxtudpx575wpwqespdlva2wldul9xk,33305.71428571428
account_rdx1289sd94p4tr80t52ng5daeh4sjnmgulwwpzrymvt9e26yvu6e2fcq9,validator_rdx1sd6n65sx0thvfzfp6x0jp4qgwxtudpx575wpwqespdlva2wldul9xk,31000.0
account_rdx16ylknasprzclqlze7q4rptll5m7euvfywl597xaavtm4j3fcal2v0f,validator_rdx1sd6n65sx0thvfzfp6x0jp4qgwxtudpx575wpwqespdlva2wldul9xk,30000.0
account_rdx16x3688j0jypjegmwql5gych8sazl8nzh39w4up0r26px5ut57w7n23,validator_rdx1sd6n65sx0thvfzfp6x0jp4qgwxtudpx575wpwqespdlva2wldul9xk,30000.0
account_rdx16yz6380q7dakasuf9gf7k8y493np9k9spep92ndhz9lv77qt6vu0ht,validator_rdx1sd6n65sx0thvfzfp6x0jp4qgwxtudpx575wpwqespdlva2wldul9xk,30000.0
account_rdx168v24qqfc62tcl9aywfkkfqxkzd6dce0cfdjd63a00402v7qehth3n,validator_rdx1sd6n65sx0thvfzfp6x0jp4qgwxtudpx575wpwqespdlva2wldul9xk,30000.0
account_rdx169stkjgwa22ryfdlvutart5ge2retjvurhgvkcre63en75rxhs2x7z,validator_rdx1sd6n65sx0thvfzfp6x0jp4qgwxtudpx575wpwqespdlva2wldul9xk,30000.0
account_rdx168gkeynsjwmdke0gnteyav8dfn57tyq5m0x4zhqwasmluv9kr7kf78,validator_rdx1sd6n65sx0thvfzfp6x0jp4qgwxtudpx575wpwqespdlva2wldul9xk,29430.0
account_rdx168r6s9q0eh0agf5wqaajaxwk0kpewkcvmrfu0v3nyu3dyzxnzes5pe,validator_rdx1sd6n65sx0thvfzfp6x0jp4qgwxtudpx575wpwqespdlva2wldul9xk,29400.0
account_rdx12ynysa7t547naukglgcgz8xlkh05jnq69mz3534m9psmmnpmfr55c9,validator_rdx1sd6n65sx0thvfzfp6x0jp4qgwxtudpx575wpwqespdlva2wldul9xk,29000.0
account_rdx12yuf4knlc57jhpspmqv2qnxrnvtes9qwk95heqcaewks88r82au3ah,validator_rdx1sd6n65sx0thvfzfp6x0jp4qgwxtudpx575wpwqespdlva2wldul9xk,29000.0
account_rdx168munrsftc470ap0wwvtcjugjtutqgyt0439s8epxuzyh22cttxzjg,validator_rdx1sd6n65sx0thvfzfp6x0jp4qgwxtudpx575wpwqespdlva2wldul9xk,29000.0
account_rdx169uajrk7zxzsdjxzqk7tr975j4cfqujxns7lshqspdd8xj5an7anxw,validator_rdx1sd6n65sx0thvfzfp6x0jp4qgwxtudpx575wpwqespdlva2wldul9xk,28300.0
account_rdx16xdfyvs8kerhkgyav0k86qkag8q755fdsx9r5k8a899epqgzqnc8tj,validator_rdx1sd6n65sx0thvfzfp6x0jp4qgwxtudpx575wpwqespdlva2wldul9xk,26250.0
account_rdx16yz8pa3mwdkk5sm44vry7u0u4kklcnc3rp9jxs8wah8zhg05cn085z,validator_rdx1sd6n65sx0thvfzfp6x0jp4qgwxtudpx575wpwqespdlva2wldul9xk,26000.0
account_rdx169vx7h3qe2l84k7la0jyy7gxh580nlphgmcvkd7h9wlkxxtevk2pky,validator_rdx1sd6n65sx0thvfzfp6x0jp4qgwxtudpx575wpwqespdlva2wldul9xk,25800.0
account_rdx169zrd708wkkjarsqfdndmhjgjc2epf3wrp4rpuel9gl4dyezf05kl7,validator_rdx1sd6n65sx0thvfzfp6x0jp4qgwxtudpx575wpwqespdlva2wldul9xk,25290.0
account_rdx168j6xl6qwfqnqy6w7vcnfkhdxn5s9tck72mf9j4rvxu4t4tsr97796,validator_rdx1sd6n65sx0thvfzfp6x0jp4qgwxtudpx575wpwqespdlva2wldul9xk,25002.0
account_rdx1286m4c9ygdsnx5yyyyj4ap4cc3xzuhkdg5sv799np46cuw36eexq9r,validator_rdx1sd6n65sx0thvfzfp6x0jp4qgwxtudpx575wpwqespdlva2wldul9xk,24010.0
account_rdx16y4sejvv40xmfpta3zwng3ne4ttv6je8fezfujz7hzmz4p52mdmh8v,validator_rdx1sd6n65sx0thvfzfp6x0jp4qgwxtudpx575wpwqespdlva2wldul9xk,24000.0
account_rdx169uhwkusscp9z0cv3q9q34k3r4u7yu8petc6ny8w5sl5sngtk4eavv,validator_rdx1sd6n65sx0thvfzfp6x0jp4qgwxtudpx575wpwqespdlva2wldul9xk,24000.0
account_rdx168tpuzzn6sm6ueqlngsfkjxm9kdkhx85m7lahe07pc95eekmxj9hna,validator_rdx1sd6n65sx0thvfzfp6x0jp4qgwxtudpx575wpwqespdlva2wldul9xk,23500.0
account_rdx16x79qt4e98y4hy5vhcwdlvz28629mh9dpplerfg3nux5px7ed6rlhn,validator_rdx1sd6n65sx0thvfzfp6x0jp4qgwxtudpx575wpwqespdlva2wldul9xk,23200.0
account_rdx16x2qawhaqdxguu7zykrnfd9uknu3r63mzc5wh36e0skscrhh58238g,validator_rdx1sd6n65sx0thvfzfp6x0jp4qgwxtudpx575wpwqespdlva2wldul9xk,23000.0
account_rdx168rptl2l72deeftqunrar95p9trzhc5te5czrxycmw564my2rkt0c3,validator_rdx1sd6n65sx0thvfzfp6x0jp4qgwxtudpx575wpwqespdlva2wldul9xk,22870.0
account_rdx169xydzkxjvrl9cscf0jl4gp4jmm7dqzmxpq7w8wm3kx06mtnjejzxt,validator_rdx1sd6n65sx0thvfzfp6x0jp4qgwxtudpx575wpwqespdlva2wldul9xk,22700.0
account_rdx16ycd4ux0n6ykej2c3dpt478jdj67jq786kxymjxmdzh2ldlqevwkrv,validator_rdx1sd6n65sx0thvfzfp6x0jp4qgwxtudpx575wpwqespdlva2wldul9xk,22500.0
account_rdx16yddsca5z2xnnx2yn024582er5h7d9lvsc7gk0uuh6h0jh0gscrly6,validator_rdx1sd6n65sx0thvfzfp6x0jp4qgwxtudpx575wpwqespdlva2wldul9xk,22200.0
account_rdx169ljmarwjsftedcxt36cy8me7yaxgnuqz47dhe5gca889kgjgh0722,validator_rdx1sd6n65sx0thvfzfp6x0jp4qgwxtudpx575wpwqespdlva2wldul9xk,20100.0
account_rdx16xd4cm38gyxxnxh4t2g7wsy5hnevw837at38whp85uzx8ghc66aty8,validator_rdx1sd6n65sx0thvfzfp6x0jp4qgwxtudpx575wpwqespdlva2wldul9xk,20056.0
account_rdx16yrue2ar9645q3wpcd9sahc9dxsmtf2rq8tuc49q9h7j9g84xwh07e,validator_rdx1sd6n65sx0thvfzfp6x0jp4qgwxtudpx575wpwqespdlva2wldul9xk,20001.153846153848
account_rdx128qzfx9ctupn4mfp9ah2yp9ej87djkp5fj97wyykxzggf5q5ux92pq,validator_rdx1sd6n65sx0thvfzfp6x0jp4qgwxtudpx575wpwqespdlva2wldul9xk,20000.0
account_rdx16yn7zrjxh0cdr39ytqkjur5q9zq0dn047qql5ptj6uhyyk3aa8p6y0,validator_rdx1sd6n65sx0thvfzfp6x0jp4qgwxtudpx575wpwqespdlva2wldul9xk,20000.0
account_rdx16ypxk9x3w7m3ntw96w40k4lx6uf7mqqnn7v6g7cwfznmkgrmp2ujqd,validator_rdx1sd6n65sx0thvfzfp6x0jp4qgwxtudpx575wpwqespdlva2wldul9xk,20000.0
account_rdx16ygc46zgw8vvzfg7306d7vrddfxemm8vtd4s45ug4c2yjcfyjagl4n,validator_rdx1sd6n65sx0thvfzfp6x0jp4qgwxtudpx575wpwqespdlva2wldul9xk,20000.0
account_rdx16xw5gc94gdy5ze6406n24n0xz2teftf6zmje5mtnnpvecassuyjsvd,validator_rdx1sd6n65sx0thvfzfp6x0jp4qgwxtudpx575wpwqespdlva2wldul9xk,20000.0
account_rdx12890y0d7e9zdhu6pnrr0hf4tksqrf5cwah0q9uemfa9yzru76eg7np,validator_rdx1sd6n65sx0thvfzfp6x0jp4qgwxtudpx575wpwqespdlva2wldul9xk,20000.0
account_rdx16xz9zyhnntts9vpwk0v9tyqczhx3a98jar3y550s5d6dqt6ers7k5z,validator_rdx1sd6n65sx0thvfzfp6x0jp4qgwxtudpx575wpwqespdlva2wldul9xk,20000.0
account_rdx16yzmta62t63xueeejag48kxapeq9zqs97hvvnuhhy6mg49la4d50dr,validator_rdx1sd6n65sx0thvfzfp6x0jp4qgwxtudpx575wpwqespdlva2wldul9xk,20000.0
account_rdx16y7v9ktn85kklrcasvd6md3prjfz57dlzzx6uca9lwzwtkdnektdz6,validator_rdx1sd6n65sx0thvfzfp6x0jp4qgwxtudpx575wpwqespdlva2wldul9xk,20000.0
account_rdx16y6ve66qwtadj6zw6vjlhl2us8ck6tewegvu9datrv9qqv34x4ws2u,validator_rdx1sd6n65sx0thvfzfp6x0jp4qgwxtudpx575wpwqespdlva2wldul9xk,20000.0
account_rdx16yu5lsd85ueuz9mt0ppjlmcysxyy79z9ue2khacr2k4pgvwhk0rpc7,validator_rdx1sd6n65sx0thvfzfp6x0jp4qgwxtudpx575wpwqespdlva2wldul9xk,20000.0
account_rdx16y2ntansfl5xjfr66j8ymcjrf7cq8eu0j69gkstm9r5g2xmkz8wz69,validator_rdx1sd6n65sx0thvfzfp6x0jp4qgwxtudpx575wpwqespdlva2wldul9xk,20000.0
account_rdx16x0u3j2x3pw3w0jr0p7lzdvk07xuv23x64w9rarf9drn4736ttxf4u,validator_rdx1sd6n65sx0thvfzfp6x0jp4qgwxtudpx575wpwqespdlva2wldul9xk,19900.0
account_rdx168md4yhlx79nvgrs7rhcmmqzu462ugg94nlms3pvtdphz2farqehl0,validator_rdx1sd6n65sx0thvfzfp6x0jp4qgwxtudpx575wpwqespdlva2wldul9xk,19500.0
account_rdx16x04n7gqjv3p5v9l9e8km7rhj2rcks0pzlmn3pcan6xzzlza2stt3t,validator_rdx1sd6n65sx0thvfzfp6x0jp4qgwxtudpx575wpwqespdlva2wldul9xk,19500.0
account_rdx1682dprz7ceuq6ud4sc73ewu93ealsxsmtgucmc9yl02tckahf3clcd,validator_rdx1sd6n65sx0thvfzfp6x0jp4qgwxtudpx575wpwqespdlva2wldul9xk,19500.0
account_rdx16x8f4srz2d3wn044cpre9azg9avwywjdm0kqq2m0ymmwkn6w4kkaf8,validator_rdx1sd6n65sx0thvfzfp6x0jp4qgwxtudpx575wpwqespdlva2wldul9xk,19000.0
account_rdx169kq4ma0kra6mxj033azqetvpakxsgd4f367wjp2auteuksclg7sfu,validator_rdx1sd6n65sx0thvfzfp6x0jp4qgwxtudpx575wpwqespdlva2wldul9xk,19000.0
account_rdx16ycdwmpkn5lnx9mzkpcrjxs90fqzp266kaq3sjhzq9yvay46zrzuc3,validator_rdx1sd6n65sx0thvfzfp6x0jp4qgwxtudpx575wpwqespdlva2wldul9xk,18330.0
account_rdx16xu2t4ese7n43kurvmhv5cu780quk7853s37ha8ep8s7gkfm3fx9tr,validator_rdx1sd6n65sx0thvfzfp6x0jp4qgwxtudpx575wpwqespdlva2wldul9xk,18000.0
account_rdx12xgvf3dxmqtda0jwd2drr5gk4ufhsgnzh68rjy929jukgu3g7cldgd,validator_rdx1sd6n65sx0thvfzfp6x0jp4qgwxtudpx575wpwqespdlva2wldul9xk,17710.0
account_rdx168u8v4mz8ffw4jw3pv6d6dmq570jnh6vslqrxn5pjhma60tvzvdg40,validator_rdx1sd6n65sx0thvfzfp6x0jp4qgwxtudpx575wpwqespdlva2wldul9xk,17300.0
account_rdx16y0ray0cy6qzwgy8qpnvpwpkxdwpp825fclgxgkylgwwpzkwn0qrgg,validator_rdx1sd6n65sx0thvfzfp6x0jp4qgwxtudpx575wpwqespdlva2wldul9xk,17134.162
account_rdx16xtgjdp5adhqkmmafwsz5ck8zs04h9dkqxj3wgw9u6ygvetuq6cpja,validator_rdx1sd6n65sx0thvfzfp6x0jp4qgwxtudpx575wpwqespdlva2wldul9xk,17100.0
account_rdx16x7s8d2eslgcq5aa93va6rehden776gendkyu70qxflavq2yla989r,validator_rdx1sd6n65sx0thvfzfp6x0jp4qgwxtudpx575wpwqespdlva2wldul9xk,16280.0
account_rdx1689s85jk4vk9mh2fqm8l2am994kjwlcquwv3cgf4hjp675su70ttcy,validator_rdx1sd6n65sx0thvfzfp6x0jp4qgwxtudpx575wpwqespdlva2wldul9xk,16000.0
account_rdx16x3f5eq5r7g260kvsajaw2ky8trtczpa7qj258jukp29pu5r75tfww,validator_rdx1sd6n65sx0thvfzfp6x0jp4qgwxtudpx575wpwqespdlva2wldul9xk,16000.0
account_rdx16yq690f4usm24n7td6dvzd9ltvqumqvy9ncvyj33n04e8m7vzg22j5,validator_rdx1sd6n65sx0thvfzfp6x0jp4qgwxtudpx575wpwqespdlva2wldul9xk,15870.0
account_rdx12xn8qz923552fmm9pwuz67yqm4kuegzqrxj90a00syyt0e2xxutycm,validator_rdx1sd6n65sx0thvfzfp6x0jp4qgwxtudpx575wpwqespdlva2wldul9xk,15500.0
account_rdx12xfkjr2q222g0z4p33xjgg7dlkf8aqsla8z77mwtcu5puxcvgwyk5y,validator_rdx1sd6n65sx0thvfzfp6x0jp4qgwxtudpx575wpwqespdlva2wldul9xk,15000.0
account_rdx16yylmjdvu692j58mgh6gjh49xzve2yytxjvhpkc5vwj76cw86x4mcu,validator_rdx1sd6n65sx0thvfzfp6x0jp4qgwxtudpx575wpwqespdlva2wldul9xk,15000.0
account_rdx168gd7l92tqn9f8f0qw9d5exn92cx4u52775chw59f0wsk42kt2y4g6,validator_rdx1sd6n65sx0thvfzfp6x0jp4qgwxtudpx575wpwqespdlva2wldul9xk,15000.0
account_rdx129rw4dp6swukpgt9zs6rueftjytft3klnhrmem4sz3qzy3lcjyefle,validator_rdx1sd6n65sx0thvfzfp6x0jp4qgwxtudpx575wpwqespdlva2wldul9xk,15000.0
account_rdx168wrjrytkndmxhkpz57qau4f97ewp87ca7w5q49u7ssfxyz423awad,validator_rdx1sd6n65sx0thvfzfp6x0jp4qgwxtudpx575wpwqespdlva2wldul9xk,15000.0
account_rdx12x76ds9ynf02483we8kk0yu0ktnanqzdqn60yy0snyf2rk4mlmv6tt,validator_rdx1sd6n65sx0thvfzfp6x0jp4qgwxtudpx575wpwqespdlva2wldul9xk,14000.0
account_rdx128ymg68sul99xpfqv724hf98g3pdgduq0axnnf2jjh0gtc2rhc3qte,validator_rdx1sd6n65sx0thvfzfp6x0jp4qgwxtudpx575wpwqespdlva2wldul9xk,14000.0
account_rdx169qjhtxhsz7v9kexcl7acecd5968asakwjucyeq6q6cv8cldnudhvd,validator_rdx1sd6n65sx0thvfzfp6x0jp4qgwxtudpx575wpwqespdlva2wldul9xk,13850.0
account_rdx16xsmh8ykr62hjtymekgynlgjrtl892lwex7x2k2hvc9755x9hur623,validator_rdx1sd6n65sx0thvfzfp6x0jp4qgwxtudpx575wpwqespdlva2wldul9xk,13754.222426452472
account_rdx16y7p9ajlfw2qu4jf649z26rrvqv826ltyvyctcqp756kmf4fsyh0wk,validator_rdx1sd6n65sx0thvfzfp6x0jp4qgwxtudpx575wpwqespdlva2wldul9xk,13650.0
account_rdx16yy5e8w8dh6jpcngsgt2ckueevu6cz6a8cv8x3c7teht3lhrp9yaqt,validator_rdx1sd6n65sx0thvfzfp6x0jp4qgwxtudpx575wpwqespdlva2wldul9xk,13600.0
account_rdx168c0c9xngpx3e9fkzj0y5ru30lsyrdrw59v4wsrmzztavls3hk02fs,validator_rdx1sd6n65sx0thvfzfp6x0jp4qgwxtudpx575wpwqespdlva2wldul9xk,13500.0
account_rdx1284ra3tmkt5tucqlr0ns07ewyvq4h66jc54hl850qh094gfrpzek6f,validator_rdx1sd6n65sx0thvfzfp6x0jp4qgwxtudpx575wpwqespdlva2wldul9xk,13295.0
account_rdx129q8wgt69fswpj0m0vntx2kzzca5tyrzh0glrr69zfzfx0cr3zucm4,validator_rdx1sd6n65sx0thvfzfp6x0jp4qgwxtudpx575wpwqespdlva2wldul9xk,13278.0
account_rdx16xpyflqmvvnzlctawj6s4zhqtx7cw8uajmpjhhe2etf0trku7x6gtz,validator_rdx1sd6n65sx0thvfzfp6x0jp4qgwxtudpx575wpwqespdlva2wldul9xk,13230.0
account_rdx16yx39fjsnqd7ruaju3myl06x8f6hn9u7zx0y26g7eqxksren5mwpq7,validator_rdx1sd6n65sx0thvfzfp6x0jp4qgwxtudpx575wpwqespdlva2wldul9xk,13000.0
account_rdx12xg4wpxhw6xnqqw2tm6lcancytwxmlc2qaejdnsq7ftfcnux2rdjkn,validator_rdx1sd6n65sx0thvfzfp6x0jp4qgwxtudpx575wpwqespdlva2wldul9xk,13000.0
account_rdx16y8f327m2pgsag5lu7mta26g7hvhxre9zywvv65w7lhrtte8gutf4t,validator_rdx1sd6n65sx0thvfzfp6x0jp4qgwxtudpx575wpwqespdlva2wldul9xk,13000.0
account_rdx129xlhvxgk0fvle05qwwkc3vyl3lp8mnxfsvflkswgh6s5nn90upgu2,validator_rdx1sd6n65sx0thvfzfp6x0jp4qgwxtudpx575wpwqespdlva2wldul9xk,12955.0
account_rdx16839hs8j0lkdedr3naurxyd3wwrvc2pxssj532dqzsmfxhy9mjkxg7,validator_rdx1sd6n65sx0thvfzfp6x0jp4qgwxtudpx575wpwqespdlva2wldul9xk,12870.0
account_rdx1293u6wrj9kknmjmya7jkt0re4p7erctl2k28u79wy687x0f7pal4mc,validator_rdx1sd6n65sx0thvfzfp6x0jp4qgwxtudpx575wpwqespdlva2wldul9xk,12600.0
account_rdx12yduu3a5rujx2yksqp6j2l2mfmk38dl975xm03lqamv5y0g4aq29je,validator_rdx1sd6n65sx0thvfzfp6x0jp4qgwxtudpx575wpwqespdlva2wldul9xk,12500.0
account_rdx16ycz27y26ypzzcyrhwu5d5qcslp2fzqu2r970cdqac6r65scjqptvp,validator_rdx1sd6n65sx0thvfzfp6x0jp4qgwxtudpx575wpwqespdlva2wldul9xk,12400.0
account_rdx168w6lcvayynyf5jnjyffl2zxtlpfqef4zhdhsc4d37q8t8mjqcsrfs,validator_rdx1sd6n65sx0thvfzfp6x0jp4qgwxtudpx575wpwqespdlva2wldul9xk,12275.0
account_rdx169ag2me0mrju8htla4ltzkege86l3xd92ngsxdjqxawukrt87ukt0z,validator_rdx1sd6n65sx0thvfzfp6x0jp4qgwxtudpx575wpwqespdlva2wldul9xk,12000.0
account_rdx1297nrwqe495apz2mcsaz88zuyd3g8w2fy2eqrdcqc92l5xw4zzw5ng,validator_rdx1sd6n65sx0thvfzfp6x0jp4qgwxtudpx575wpwqespdlva2wldul9xk,11980.0
account_rdx128mx4qr5fqxz8uglfl6saugrft2cnn94vh00379jw2aak8dd2f8cf6,validator_rdx1sd6n65sx0thvfzfp6x0jp4qgwxtudpx575wpwqespdlva2wldul9xk,11750.0
account_rdx16y8zy4ayl5drlp2fc60curymymd47l9nzcytrkaqez8jwsc7wwqqsn,validator_rdx1sd6n65sx0thvfzfp6x0jp4qgwxtudpx575wpwqespdlva2wldul9xk,11550.0
account_rdx16y5n4sn6jaula5wmlyqjmlvlltenxpwpgqayvxajg30t3nz8l26j2g,validator_rdx1sd6n65sx0thvfzfp6x0jp4qgwxtudpx575wpwqespdlva2wldul9xk,11000.0
account_rdx16889a59pc98nneajmwra3mj78k48nrnzsg03gg6q20n7k7r8xnz6tv,validator_rdx1sd6n65sx0thvfzfp6x0jp4qgwxtudpx575wpwqespdlva2wldul9xk,11000.0
account_rdx169pyt9n6gzumhqaqd9z7z6vw27v538z9ehc3qaztm2c9jelc2ant4g,validator_rdx1sd6n65sx0thvfzfp6x0jp4qgwxtudpx575wpwqespdlva2wldul9xk,10905.0
account_rdx16828eu8g5p5l4ww885mtp97de6cdf6qg2rqjht55ejugnphv0j2ydu,validator_rdx1sd6n65sx0thvfzfp6x0jp4qgwxtudpx575wpwqespdlva2wldul9xk,10900.0
account_rdx12yr634z7xtpjvkk3jzrw94k9zhgq5glwz55wd6nn7lhgkzffwnum0r,validator_rdx1sd6n65sx0thvfzfp6x0jp4qgwxtudpx575wpwqespdlva2wldul9xk,10900.0
account_rdx168c2wee344pujxgdcmg6uj89eu2tjr4qw4q66nrslkmuz7rl2y0dtx,validator_rdx1sd6n65sx0thvfzfp6x0jp4qgwxtudpx575wpwqespdlva2wldul9xk,10700.0
account_rdx168zguu0w84a8p5aydc6muwvpz9cd25gr60h59lwaneht3mr6wlepan,validator_rdx1sd6n65sx0thvfzfp6x0jp4qgwxtudpx575wpwqespdlva2wldul9xk,10600.0
account_rdx16yygmg35tg8e2jm9sq7807vmascac4ysz4t4tpt38y3p8a0s30h4d0,validator_rdx1sd6n65sx0thvfzfp6x0jp4qgwxtudpx575wpwqespdlva2wldul9xk,10500.0
account_rdx16ynd3y62thnqcu3acz5mtknf3j4cnp33g6cy5lmvfussekvws3l37y,validator_rdx1sd6n65sx0thvfzfp6x0jp4qgwxtudpx575wpwqespdlva2wldul9xk,10350.0
account_rdx16x4xl73yy9965mjfv7rucm3fg4wdzsv9e2f8cnqnq9nhqu4t38jhhz,validator_rdx1sd6n65sx0thvfzfp6x0jp4qgwxtudpx575wpwqespdlva2wldul9xk,10076.0
account_rdx16ykf7l7ncm3d5hs8gwd7rpe6t7hu6etesv4cxnljwuggktfzd5vlcg,validator_rdx1sd6n65sx0thvfzfp6x0jp4qgwxtudpx575wpwqespdlva2wldul9xk,10001.0
account_rdx128p3wpndruxungzq8hqmk5rmdxlneq7gtdjxunxuzt83z98nq73yg4,validator_rdx1sd6n65sx0thvfzfp6x0jp4qgwxtudpx575wpwqespdlva2wldul9xk,10000.0
account_rdx129lm0fzzwhda68zsn7jt6g45fx00kdzv5djdk8xqdkzp42gslrzfrh,validator_rdx1sd6n65sx0thvfzfp6x0jp4qgwxtudpx575wpwqespdlva2wldul9xk,10000.0
account_rdx168h2fenkq7mh699k64vmgzufag5fed6yc95vhv6sce937v30mmpdc6,validator_rdx1sd6n65sx0thvfzfp6x0jp4qgwxtudpx575wpwqespdlva2wldul9xk,10000.0
account_rdx1297gfn7pe055xk4vpxrnklx2y3tzkl5rhckkzfsd7k53n7wmy367sc,validator_rdx1sd6n65sx0thvfzfp6x0jp4qgwxtudpx575wpwqespdlva2wldul9xk,10000.0
account_rdx1680hlralwwn6ad8t64jwuzjluackkvqaz8rc56kw45nx5e4dpthpug,validator_rdx1sd6n65sx0thvfzfp6x0jp4qgwxtudpx575wpwqespdlva2wldul9xk,10000.0
account_rdx16xn8yxa274vgqq7pahl9d7qp3jr84drcgh4v7usna6cv6sr3j28qjw,validator_rdx1sd6n65sx0thvfzfp6x0jp4qgwxtudpx575wpwqespdlva2wldul9xk,10000.0
account_rdx128rvka7mmnr9wguehy46vvvpv66v5ydr09ye63czaqqw5j8chcpsae,validator_rdx1sd6n65sx0thvfzfp6x0jp4qgwxtudpx575wpwqespdlva2wldul9xk,10000.0
account_rdx12xfw882v83gl4alnkkwk7yvsn3fs6favukatnk0sewkjd87pcm3y94,validator_rdx1sd6n65sx0thvfzfp6x0jp4qgwxtudpx575wpwqespdlva2wldul9xk,10000.0
account_rdx16xmlmmuf0e4pp9xerczw9gst9awkpuujw6g0xuy3sluvrqex0zqxdw,validator_rdx1sd6n65sx0thvfzfp6x0jp4qgwxtudpx575wpwqespdlva2wldul9xk,10000.0
account_rdx168ph7736f2jy8e98a5rsgq6rfgm7n8zhp6qg6lt0aa348n7pcves9l,validator_rdx1sd6n65sx0thvfzfp6x0jp4qgwxtudpx575wpwqespdlva2wldul9xk,10000.0
account_rdx16y2n3cqm8868sy888lxtkln5nelau9w6t806u2gzuhjg78lhq72xk5,validator_rdx1sd6n65sx0thvfzfp6x0jp4qgwxtudpx575wpwqespdlva2wldul9xk,10000.0
account_rdx168dzlvxtjss9httths9vrcnemuuygzm9r00y8z0fk3400s7qzty3n7,validator_rdx1sd6n65sx0thvfzfp6x0jp4qgwxtudpx575wpwqespdlva2wldul9xk,10000.0
account_rdx16ytlmlhuvrjj469xvaac0f3vw88ywu8pfstfrjd8r9k7uwyqwhqc88,validator_rdx1sd6n65sx0thvfzfp6x0jp4qgwxtudpx575wpwqespdlva2wldul9xk,10000.0
account_rdx1698c38ncu0kyfjr4xdsew0ks7yf0tzgcnxpmcn0j4yzspgcsmh6svf,validator_rdx1sd6n65sx0thvfzfp6x0jp4qgwxtudpx575wpwqespdlva2wldul9xk,10000.0
account_rdx16x4zpl67kd7kfupphtxjna4xt6exmvu7xvwqfksve9fphzuvv2szfn,validator_rdx1sd6n65sx0thvfzfp6x0jp4qgwxtudpx575wpwqespdlva2wldul9xk,10000.0
account_rdx1687grn4y593gh7ts96nm34f8v6p35alrtu2vuq620ryt5h89dxqtj9,validator_rdx1sd6n65sx0thvfzfp6x0jp4qgwxtudpx575wpwqespdlva2wldul9xk,10000.0
account_rdx16y9w9mwxuh09zf73jszsfces2mnxzzjuuynqhmag6grvyzph4tk7zs,validator_rdx1sd6n65sx0thvfzfp6x0jp4qgwxtudpx575wpwqespdlva2wldul9xk,10000.0
account_rdx1299qpqzwfh84002v803n282dem7ar5u8wnjsgkdp0302l0uk88u532,validator_rdx1sd6n65sx0thvfzfp6x0jp4qgwxtudpx575wpwqespdlva2wldul9xk,10000.0
account_rdx169mhy9fv6rm09p4cnnrzxgkhgyq6usu56t8n09xfky4ujxjdhljjhn,validator_rdx1sd6n65sx0thvfzfp6x0jp4qgwxtudpx575wpwqespdlva2wldul9xk,9900.0
account_rdx129kvcn5uqq4xgsj0re6ktvyantruyxtcn6s8jzrggrt9rw4hcy4wz2,validator_rdx1sd6n65sx0thvfzfp6x0jp4qgwxtudpx575wpwqespdlva2wldul9xk,9400.0
account_rdx128wgvc6dw9jwnxeehs5d728mzhyhuwxwqrxw2yhd5qch7h75fvsnaf,validator_rdx1sd6n65sx0thvfzfp6x0jp4qgwxtudpx575wpwqespdlva2wldul9xk,9345.0
account_rdx169y6hs470gwstfxr237ua0n6rdue4vevysk8vs33myvw49va9n6twp,validator_rdx1sd6n65sx0thvfzfp6x0jp4qgwxtudpx575wpwqespdlva2wldul9xk,9300.0
account_rdx1692dmne89vsd6exafqt6xtwxyaj9gery2gzxatpcyz39hrcwzewphm,validator_rdx1sd6n65sx0thvfzfp6x0jp4qgwxtudpx575wpwqespdlva2wldul9xk,9200.0
account_rdx169we4laee0et54x3expteqy6y5y7jk75sa7fp7jy78x895kpmm8qra,validator_rdx1sd6n65sx0thvfzfp6x0jp4qgwxtudpx575wpwqespdlva2wldul9xk,9000.0
account_rdx168kx8j2arm3rgdvyu3v0pchfur9d6yzsxkfjeck7dgzpdy9ey77wv5,validator_rdx1sd6n65sx0thvfzfp6x0jp4qgwxtudpx575wpwqespdlva2wldul9xk,8975.0
account_rdx16yzvsjylg6yrgcnh7q792hj6ls3zl88f0hd7wepy59zhuxaq0ql5sm,validator_rdx1sd6n65sx0thvfzfp6x0jp4qgwxtudpx575wpwqespdlva2wldul9xk,8935.0
account_rdx168uaxt3advcv3tctn4yjp9ptsg2dlqyzsgrkk9y6jpt5kggexdfwkk,validator_rdx1sd6n65sx0thvfzfp6x0jp4qgwxtudpx575wpwqespdlva2wldul9xk,8700.0
account_rdx169kyect5rwzrend5yhutgzxq49j7e7920l3gf5ydjksx4wpl6nm0z6,validator_rdx1sd6n65sx0thvfzfp6x0jp4qgwxtudpx575wpwqespdlva2wldul9xk,8700.0
account_rdx16y2uwcr6p99v0sc8rq69vj9hmdcx006as5pmlkff7y2g0x38mdjahp,validator_rdx1sd6n65sx0thvfzfp6x0jp4qgwxtudpx575wpwqespdlva2wldul9xk,8684.2118
account_rdx168tez4ggz8spk3qcm0mm43smhwr79klmu75ck85ry0pjfhew4ks08z,validator_rdx1sd6n65sx0thvfzfp6x0jp4qgwxtudpx575wpwqespdlva2wldul9xk,8610.0
account_rdx1293mqm0gexqufgdffq2hy7hpjgplwehxk9v5u3n8vr9ljgw6ay8eyz,validator_rdx1sd6n65sx0thvfzfp6x0jp4qgwxtudpx575wpwqespdlva2wldul9xk,8201.0
account_rdx168xgvj4e5s3ez2mgtd49rvgl7t0l3zk9vnfn5yxhnqw328rm0sq0ct,validator_rdx1sd6n65sx0thvfzfp6x0jp4qgwxtudpx575wpwqespdlva2wldul9xk,8150.0
account_rdx128q4gexwmjn03wtt70qfjqyeeyzdpxkgsmdtrlwqh4uwglwp7dkcaw,validator_rdx1sd6n65sx0thvfzfp6x0jp4qgwxtudpx575wpwqespdlva2wldul9xk,8100.0
account_rdx16xhvfl0p8k0vjdd4zze8xwl2m6zt4fmz9h358hvtduw58qnldqestl,validator_rdx1sd6n65sx0thvfzfp6x0jp4qgwxtudpx575wpwqespdlva2wldul9xk,8000.0
account_rdx169d0dpfwffr4r834nn87pjaldrusyarmzf3xpccmffz97jtzm9wv5g,validator_rdx1sd6n65sx0thvfzfp6x0jp4qgwxtudpx575wpwqespdlva2wldul9xk,8000.0
account_rdx169x75medatjwywhnmk49hcyqj32v77p60x22hzvvfkssxjytqpppvr,validator_rdx1sd6n65sx0thvfzfp6x0jp4qgwxtudpx575wpwqespdlva2wldul9xk,8000.0
account_rdx16x7mv6us2z874kvp39g2dv9zkax4rr7mv975gmafv7yjjzl7xfva9q,validator_rdx1sd6n65sx0thvfzfp6x0jp4qgwxtudpx575wpwqespdlva2wldul9xk,8000.0
account_rdx16yrtrg3xlfrzjql2yzm8z7ry2enf04ztytncsp8r3w6e56zpyygwgw,validator_rdx1sd6n65sx0thvfzfp6x0jp4qgwxtudpx575wpwqespdlva2wldul9xk,7999.0
account_rdx169npkatx7cgn83hvynpm5lqkx79s9ky3ach26z6llftw7z5p3zr586,validator_rdx1sd6n65sx0thvfzfp6x0jp4qgwxtudpx575wpwqespdlva2wldul9xk,7940.0
account_rdx12xgmr4t8psslthky9hrdmg7k8v7hz53m2hq0tyfnvqpxpuhu5au37t,validator_rdx1sd6n65sx0thvfzfp6x0jp4qgwxtudpx575wpwqespdlva2wldul9xk,7650.0
account_rdx168pcadd7nexs7m0w0tht4dgy0sgsru3n5md2s9ydqe3e2smajectfz,validator_rdx1sd6n65sx0thvfzfp6x0jp4qgwxtudpx575wpwqespdlva2wldul9xk,7585.0
account_rdx16ye9e0jphyd7apj8u7wv7f8jefxjprgh7h3crkejg5tp3md4ukfget,validator_rdx1sd6n65sx0thvfzfp6x0jp4qgwxtudpx575wpwqespdlva2wldul9xk,7501.0
account_rdx12xkthr4vjd8rlumwrumywd6sxnshc4hweu7dezhxyavs4ykh9j4gpv,validator_rdx1sd6n65sx0thvfzfp6x0jp4qgwxtudpx575wpwqespdlva2wldul9xk,7305.0
account_rdx16xv4qgx0dx5sc55armej95d3gu5shhjrmsp79rtawrnrlxw4mhekca,validator_rdx1sd6n65sx0thvfzfp6x0jp4qgwxtudpx575wpwqespdlva2wldul9xk,7200.0
account_rdx168plq6j3my82cfh0pgcty6mzkhcms3z5yjucs5dzehp4tmnrck9m3q,validator_rdx1sd6n65sx0thvfzfp6x0jp4qgwxtudpx575wpwqespdlva2wldul9xk,7200.0
account_rdx168ejw26p0rqpxjmtg33mzchyyyvr9qgmknjzzy6d4gz4tpv6kfluyq,validator_rdx1sd6n65sx0thvfzfp6x0jp4qgwxtudpx575wpwqespdlva2wldul9xk,7001.758301
account_rdx12x435a5tyyyzdg6nps9077u2kvdg6qr3jg9dzt342u0c0kwtxgqkzh,validator_rdx1sd6n65sx0thvfzfp6x0jp4qgwxtudpx575wpwqespdlva2wldul9xk,7000.0
account_rdx1687ml4yvlhfdfxkjhlpu4ek3wp95jgf5dddvp5xrgwv6kujxg8d3yf,validator_rdx1sd6n65sx0thvfzfp6x0jp4qgwxtudpx575wpwqespdlva2wldul9xk,7000.0
account_rdx129k3mq6etyenjyylc8pyg02v8syrhzhky9tdvzrku7x84jju5wm7hm,validator_rdx1sd6n65sx0thvfzfp6x0jp4qgwxtudpx575wpwqespdlva2wldul9xk,7000.0
account_rdx168wdpckj2ndzdw8k6aykdeeptzpe8g7x4ufrna7v6ny6nww54vzw0g,validator_rdx1sd6n65sx0thvfzfp6x0jp4qgwxtudpx575wpwqespdlva2wldul9xk,7000.0
account_rdx129fm4kd5f52c4pwwavhaqvjjj3tpu8alngz36lx5f35t8uelhrd45m,validator_rdx1sd6n65sx0thvfzfp6x0jp4qgwxtudpx575wpwqespdlva2wldul9xk,6904.0
account_rdx168fne92nklgctdtdfkfkt4hyw895vkccups7j9uvssgmmh2skeem69,validator_rdx1sd6n65sx0thvfzfp6x0jp4qgwxtudpx575wpwqespdlva2wldul9xk,6800.0
account_rdx16yuqrj69adhwww9rgaw3t9thpfxj9qvfj0jjxq227dcr6cmflqp0ef,validator_rdx1sd6n65sx0thvfzfp6x0jp4qgwxtudpx575wpwqespdlva2wldul9xk,6737.771635148501
account_rdx129fnj8ey4jc9nfh8gzps29j0feqyrq8zvwu7aez3fn9sszwkwqxhgh,validator_rdx1sd6n65sx0thvfzfp6x0jp4qgwxtudpx575wpwqespdlva2wldul9xk,6550.0
account_rdx129wvgummp07s8tdv9s43gj8z8qqely2l38dx994lv0uhmtx8dhkepf,validator_rdx1sd6n65sx0thvfzfp6x0jp4qgwxtudpx575wpwqespdlva2wldul9xk,6500.0
account_rdx168ymcxn7w274ywxq6hx2c96jvvuw9m9cm0pactsu9m6hau3xxz8tgt,validator_rdx1sd6n65sx0thvfzfp6x0jp4qgwxtudpx575wpwqespdlva2wldul9xk,6500.0
account_rdx168uekz4l9sypt5x559myw9nf4nwvhcql4aqefrf6yhek79mtcdzzzf,validator_rdx1sd6n65sx0thvfzfp6x0jp4qgwxtudpx575wpwqespdlva2wldul9xk,6400.0
account_rdx12xzk55yurjnj54uelj7fhnypqr045cv46yp4vw6j600nlekgsa5ynw,validator_rdx1sd6n65sx0thvfzfp6x0jp4qgwxtudpx575wpwqespdlva2wldul9xk,6240.2625
account_rdx16yc4etv6p7jumv8y2875afvxemudj26twq2wsr7nqp2znadrf36629,validator_rdx1sd6n65sx0thvfzfp6x0jp4qgwxtudpx575wpwqespdlva2wldul9xk,6200.0
account_rdx12xuy673jefh0s7mll5065u94gzllvqaxr2r3hmhljyq6xlkt836v6z,validator_rdx1sd6n65sx0thvfzfp6x0jp4qgwxtudpx575wpwqespdlva2wldul9xk,6090.0
account_rdx12yxj0mzk989ge2cu4gx4del30squymfn2en8zj022ufl3dv5z0uacy,validator_rdx1sd6n65sx0thvfzfp6x0jp4qgwxtudpx575wpwqespdlva2wldul9xk,6033.333333333333
account_rdx16x7ay2l5cpqj0fgrhe0fjeyqw4rzkge6gfasluhljthfn8g2ztavjm,validator_rdx1sd6n65sx0thvfzfp6x0jp4qgwxtudpx575wpwqespdlva2wldul9xk,6024.0
account_rdx12x2678wdrtsvcqs7mv0d79whsywhszd2e0lzv4rmyclshv80zg4l6l,validator_rdx1sd6n65sx0thvfzfp6x0jp4qgwxtudpx575wpwqespdlva2wldul9xk,6000.0
account_rdx129ncw0sy6csy9ezmywse7087e0clw5c05l4kjt2cy36rnc8yd6axtq,validator_rdx1sd6n65sx0thvfzfp6x0jp4qgwxtudpx575wpwqespdlva2wldul9xk,6000.0
account_rdx16yc5g4k0xc9vsuymslwqrzc3cvu32a6vdyv00v8e5dvwu2tpj5dc96,validator_rdx1sd6n65sx0thvfzfp6x0jp4qgwxtudpx575wpwqespdlva2wldul9xk,6000.0
account_rdx16x0d2ghj37hzghsllahy8xzt72qdav7505wprm7yccnam70jn54cws,validator_rdx1sd6n65sx0thvfzfp6x0jp4qgwxtudpx575wpwqespdlva2wldul9xk,5967.461097176045
account_rdx129xtn8hxfgxlef8xed4da6zs7en29ytyf4ntfqelf3nfslywnjptpr,validator_rdx1sd6n65sx0thvfzfp6x0jp4qgwxtudpx575wpwqespdlva2wldul9xk,5900.0
account_rdx169rtz9ccdjfwktltxqa3ams69vrmgu8l3qpujgpezx9vj20z5m8gu4,validator_rdx1sd6n65sx0thvfzfp6x0jp4qgwxtudpx575wpwqespdlva2wldul9xk,5900.0
account_rdx12yd07ujl9e5qfhtsvqrz6lq7gh89cxedj2a6a84lztf4t9ffgvy74f,validator_rdx1sd6n65sx0thvfzfp6x0jp4qgwxtudpx575wpwqespdlva2wldul9xk,5800.0
account_rdx128z9gmsh8hy60ps9lcu4dqn2f42r9c48vj6mmqk3jpwy0nn63fwzq9,validator_rdx1sd6n65sx0thvfzfp6x0jp4qgwxtudpx575wpwqespdlva2wldul9xk,5797.0
account_rdx12xzkff2fj4lh0we97r6k3h6a99vm4422q5nsld656wvlu0xyf47qs3,validator_rdx1sd6n65sx0thvfzfp6x0jp4qgwxtudpx575wpwqespdlva2wldul9xk,5770.0
account_rdx16xk50tq5qea4ujgf3y0k5x5fpt7s6hrsx2vwyyt4n8hmuxdmhuvpys,validator_rdx1sd6n65sx0thvfzfp6x0jp4qgwxtudpx575wpwqespdlva2wldul9xk,5750.0
account_rdx16xrtntkxqyl8r6arn8gcm55g9vz96sely0ce5ua35c8n0yyycc374v,validator_rdx1sd6n65sx0thvfzfp6x0jp4qgwxtudpx575wpwqespdlva2wldul9xk,5740.0
account_rdx16y6qssn0s0dp30am47kte56lajmeahhmdpyhtcljclgqafkqxeldj4,validator_rdx1sd6n65sx0thvfzfp6x0jp4qgwxtudpx575wpwqespdlva2wldul9xk,5480.0
account_rdx16x9z5dj0fq9hnvw92h8ga22y566w6q6xyvcvfyd4wej3l99pqmx9t7,validator_rdx1sd6n65sx0thvfzfp6x0jp4qgwxtudpx575wpwqespdlva2wldul9xk,5200.0
account_rdx16xwzl54pdu0877ewzlwlgkl4hn0uvuyv7y97mf7djmgtmrwzppx7ta,validator_rdx1sd6n65sx0thvfzfp6x0jp4qgwxtudpx575wpwqespdlva2wldul9xk,5121.0
account_rdx1696st5exwnttpck0ruaysmdavtfanvmdxkp9l6mmx9hamthpll83ae,validator_rdx1sd6n65sx0thvfzfp6x0jp4qgwxtudpx575wpwqespdlva2wldul9xk,5060.0
account_rdx12yflkd7zhyx9pnd8sntw5fd3gzmcnflg7uv6kqvucn5kucqpx8wazk,validator_rdx1sd6n65sx0thvfzfp6x0jp4qgwxtudpx575wpwqespdlva2wldul9xk,5030.0
account_rdx129890z4dahczss95mfz2snmyhfzguz2xrqz6xxfdmqzflx8aj7swyv,validator_rdx1sd6n65sx0thvfzfp6x0jp4qgwxtudpx575wpwqespdlva2wldul9xk,5000.0
account_rdx16xrtxjjtwtxmgm0ywxjs4f9kq4pu0uyt5ep2lp8mnjjnkr537swsvl,validator_rdx1sd6n65sx0thvfzfp6x0jp4qgwxtudpx575wpwqespdlva2wldul9xk,5000.0
account_rdx16yvkw6ad2andevpx7z5865flmpn7vguvwvvmsdw29ahf6j58apfmt2,validator_rdx1sd6n65sx0thvfzfp6x0jp4qgwxtudpx575wpwqespdlva2wldul9xk,5000.0
account_rdx16xahafrnrdjr2659emql8htqgm9yx3c93w99kj0ahsuq49ervxw3ua,validator_rdx1sd6n65sx0thvfzfp6x0jp4qgwxtudpx575wpwqespdlva2wldul9xk,5000.0
account_rdx129hxzz622cc2zw4l4t3pv7raq773gs8n6hu3e4culrqvhsh9xa40pu,validator_rdx1sd6n65sx0thvfzfp6x0jp4qgwxtudpx575wpwqespdlva2wldul9xk,5000.0
account_rdx128jr4qwatt8nt7tztwqpk0rrkwackvqzjn3tczjxw5jm5wvjfdsdsd,validator_rdx1sd6n65sx0thvfzfp6x0jp4qgwxtudpx575wpwqespdlva2wldul9xk,5000.0
account_rdx168u406yhe50nex7naavkw6rxtklhqp3mtrzg5ws0g6dp0y9fnmc9ky,validator_rdx1sd6n65sx0thvfzfp6x0jp4qgwxtudpx575wpwqespdlva2wldul9xk,5000.0
account_rdx12y3ju6hfch2ae8dd9n5nrzcxy9pvgzrv6q24zlh6lvc33rc2dt6lqk,validator_rdx1sd6n65sx0thvfzfp6x0jp4qgwxtudpx575wpwqespdlva2wldul9xk,5000.0
account_rdx16y8mwze40f9q89wsxedm3xv7jg8n2achc6wad0hc63we0tu7ug2kke,validator_rdx1sd6n65sx0thvfzfp6x0jp4qgwxtudpx575wpwqespdlva2wldul9xk,5000.0
account_rdx169a3tc7c0w2jz64aqc6j3fj3aw5y9tgdknv5v79ce6janx9jcenrpn,validator_rdx1sd6n65sx0thvfzfp6x0jp4qgwxtudpx575wpwqespdlva2wldul9xk,5000.0
account_rdx168fl735m4mwn5lucx40mck986ydmccnkj694nvykmewzngc64ftjs5,validator_rdx1sd6n65sx0thvfzfp6x0jp4qgwxtudpx575wpwqespdlva2wldul9xk,5000.0
account_rdx16993fau8ad50ncm4t4j9scn5wngrh3avw7wnn3q43lk6le2yet66ga,validator_rdx1sd6n65sx0thvfzfp6x0jp4qgwxtudpx575wpwqespdlva2wldul9xk,5000.0
account_rdx16ye7xkacuqr23l4rp8cunx7gj3q38myj3jax53vuyxx296ykrwrdhm,validator_rdx1sd6n65sx0thvfzfp6x0jp4qgwxtudpx575wpwqespdlva2wldul9xk,5000.0
account_rdx1699z3km2lr4j9ku2lmcyths75jlt5aq3y8mwrvkc77r05x47ej4hhx,validator_rdx1sd6n65sx0thvfzfp6x0jp4qgwxtudpx575wpwqespdlva2wldul9xk,5000.0
account_rdx16xpk6j8r24mkef70va79rj70w7xxs4qjezwkknmkpz846gg0c792wg,validator_rdx1sd6n65sx0thvfzfp6x0jp4qgwxtudpx575wpwqespdlva2wldul9xk,5000.0
account_rdx129gdzpva7h36e6rd3q7438vcf3a3lsd4ek2g3ljce8d2k0z75k9znx,validator_rdx1sd6n65sx0thvfzfp6x0jp4qgwxtudpx575wpwqespdlva2wldul9xk,5000.0
account_rdx1699g699svj0899pr6jr99rhq9pqfgcx55fcmpp90cr6cgmt2gznf3x,validator_rdx1sd6n65sx0thvfzfp6x0jp4qgwxtudpx575wpwqespdlva2wldul9xk,4950.0
account_rdx168fk9904yllzx6y6s574smejwxuayzyrdghsfsyu0ga5wgd57k7vf2,validator_rdx1sd6n65sx0thvfzfp6x0jp4qgwxtudpx575wpwqespdlva2wldul9xk,4948.75
account_rdx169ln8682dhelk6zlmrrm4ync4queckgvutl3fglnf7y4ex7ahr70u7,validator_rdx1sd6n65sx0thvfzfp6x0jp4qgwxtudpx575wpwqespdlva2wldul9xk,4900.0
account_rdx16xakt3363rjuay7x08wsfm8xp4ktr055x5nayanvtcanec6jfczge2,validator_rdx1sd6n65sx0thvfzfp6x0jp4qgwxtudpx575wpwqespdlva2wldul9xk,4883.5
account_rdx16yr77v5u8tld2u20zzfqs59zvuqzswcgrnutv5qwf7jhmk7kr2jhe5,validator_rdx1sd6n65sx0thvfzfp6x0jp4qgwxtudpx575wpwqespdlva2wldul9xk,4850.0
account_rdx169gcpea63eyjkegnejm7yfde93eu7ksnhrm6fn6u8xp5crrnrg9a5p,validator_rdx1sd6n65sx0thvfzfp6x0jp4qgwxtudpx575wpwqespdlva2wldul9xk,4640.0
account_rdx168kv3g4ghnjn6j2v37ynxm5a8h88j486yeur0n7s6d047jnlccvweq,validator_rdx1sd6n65sx0thvfzfp6x0jp4qgwxtudpx575wpwqespdlva2wldul9xk,4600.0
account_rdx1298j8hyj02597935w24lgk9w7rm2kjh0d90acndwky2ys5qhkd40pg,validator_rdx1sd6n65sx0thvfzfp6x0jp4qgwxtudpx575wpwqespdlva2wldul9xk,4575.0
account_rdx169vt3cleuf43px2aduh65gfkpzq8kv2ea3c05j059umg4nrsj37gdd,validator_rdx1sd6n65sx0thvfzfp6x0jp4qgwxtudpx575wpwqespdlva2wldul9xk,4500.0
account_rdx168evymwhuz6se3w3v889g36rq2304rfg3dmdfz6uv3xlyjr0z77zue,validator_rdx1sd6n65sx0thvfzfp6x0jp4qgwxtudpx575wpwqespdlva2wldul9xk,4500.0
account_rdx129jh2zrwhvm9mtuk5ktste5m2cyg86uz7dfkpqpsmtp4lz5mh6wpfk,validator_rdx1sd6n65sx0thvfzfp6x0jp4qgwxtudpx575wpwqespdlva2wldul9xk,4140.0
account_rdx16ypswd955n43ad73g4jq53mkuthdedxk2fww3d0tlvl0fdfjm93hfp,validator_rdx1sd6n65sx0thvfzfp6x0jp4qgwxtudpx575wpwqespdlva2wldul9xk,4100.0
account_rdx1689mq6t8qf0lxe7gxws974p27j760jdnhywqpr4vcgvl20vwjnd30t,validator_rdx1sd6n65sx0thvfzfp6x0jp4qgwxtudpx575wpwqespdlva2wldul9xk,4100.0
account_rdx12xquqjrwslyvhdezlk5qk0zw0wlg58n8fq92ld5rtjn6z5kgztvjsm,validator_rdx1sd6n65sx0thvfzfp6x0jp4qgwxtudpx575wpwqespdlva2wldul9xk,4075.0
account_rdx129hj9jukklqvhe6jgkx3qdqh6q2zfrgpqle4muv7ujm6frw267veap,validator_rdx1sd6n65sx0thvfzfp6x0jp4qgwxtudpx575wpwqespdlva2wldul9xk,4000.0
account_rdx16xrf2pd2yny5rsmw5vk2ygqchturckxnfqkp7djms2wk55wlyu9ljl,validator_rdx1sd6n65sx0thvfzfp6x0jp4qgwxtudpx575wpwqespdlva2wldul9xk,4000.0
account_rdx168r3krrmsjrcr998r8zhsmn27xc3nrnwh5yk8xmfhvyhl2nz9rtfqw,validator_rdx1sd6n65sx0thvfzfp6x0jp4qgwxtudpx575wpwqespdlva2wldul9xk,4000.0
account_rdx168j7su9000fu9dlu8j3duzwjx2xmlph35cnye0rskjsm28r3dnrwp4,validator_rdx1sd6n65sx0thvfzfp6x0jp4qgwxtudpx575wpwqespdlva2wldul9xk,4000.0
account_rdx12xd6dy97k8k8jvank5a66thfe6a3nr6g0qntl3rgmav5vmpfzwdeef,validator_rdx1sd6n65sx0thvfzfp6x0jp4qgwxtudpx575wpwqespdlva2wldul9xk,4000.0
account_rdx1298hm3gr69n45mthyr8ufwy0kc7j9sxrac75aw04yuq9727t62u4r3,validator_rdx1sd6n65sx0thvfzfp6x0jp4qgwxtudpx575wpwqespdlva2wldul9xk,4000.0
account_rdx168ty9t5sncalf3xqa2q5datj85zmgfy5la92p8gmzz47tlm65tjlg8,validator_rdx1sd6n65sx0thvfzfp6x0jp4qgwxtudpx575wpwqespdlva2wldul9xk,4000.0
account_rdx129r7ue43zatzmz9hmu4q37kpp83zu907rpmt2w2wdsxt2ff2h2paj7,validator_rdx1sd6n65sx0thvfzfp6x0jp4qgwxtudpx575wpwqespdlva2wldul9xk,4000.0
account_rdx12xzxeg7qefffudr0m9zyqmetjw56exp5cqk9krljpwt0um30yt3k0g,validator_rdx1sd6n65sx0thvfzfp6x0jp4qgwxtudpx575wpwqespdlva2wldul9xk,3667.0
account_rdx12yyansued70tffugc552mgkv7w4gun8jpt5ldskx8ddnj4w8ysqeaw,validator_rdx1sd6n65sx0thvfzfp6x0jp4qgwxtudpx575wpwqespdlva2wldul9xk,3600.0
account_rdx1687q73hwtncnhzhszfvz6hc09ckpdngseyvgeravax8gq425n37542,validator_rdx1sd6n65sx0thvfzfp6x0jp4qgwxtudpx575wpwqespdlva2wldul9xk,3580.0
account_rdx16934zhpxwhjftl6vstnqv56nzheq6w4d67et378zfcazu7cszxvm4h,validator_rdx1sd6n65sx0thvfzfp6x0jp4qgwxtudpx575wpwqespdlva2wldul9xk,3549.0
account_rdx16ygc52kxzg8ren7swwhau0metjhpge0h6t4lc7xu0fz7z2rw9r4mqt,validator_rdx1sd6n65sx0thvfzfp6x0jp4qgwxtudpx575wpwqespdlva2wldul9xk,3500.0
account_rdx16935f99rc2rwy50sqz5cnfs74k46t2gsdsk6e455z4eyf2xgzj5qqg,validator_rdx1sd6n65sx0thvfzfp6x0jp4qgwxtudpx575wpwqespdlva2wldul9xk,3500.0
account_rdx169v9wkndnj706m8c2xc9r4jua8vh9cr9e3k30xzsz65xl52t7l6jak,validator_rdx1sd6n65sx0thvfzfp6x0jp4qgwxtudpx575wpwqespdlva2wldul9xk,3300.0
account_rdx169j92vz6j24vn8mdune2fcq9uxq077g9d5dhzngm0ee2uyw7zw34uc,validator_rdx1sd6n65sx0thvfzfp6x0jp4qgwxtudpx575wpwqespdlva2wldul9xk,3150.0
account_rdx12y8u2kz6gzh7ejzunvmzddty55dgsqrkj6lf407p2e3e75hk5hzv0c,validator_rdx1sd6n65sx0thvfzfp6x0jp4qgwxtudpx575wpwqespdlva2wldul9xk,3100.0
account_rdx169fm8vyar8eyx9m6ykncuncxxhlxjuex40k6m94ncx75dg6dv363sh,validator_rdx1sd6n65sx0thvfzfp6x0jp4qgwxtudpx575wpwqespdlva2wldul9xk,3000.0
account_rdx12y5sy0kq248ratafqsjkvf5h3jjt4lsqtf8dde6maelau4gc7856xu,validator_rdx1sd6n65sx0thvfzfp6x0jp4qgwxtudpx575wpwqespdlva2wldul9xk,3000.0
account_rdx12x4x9z2735qtlu6de8ghfc40s4hcm89x0adyxdv8rvh9h5cxx7jvpm,validator_rdx1sd6n65sx0thvfzfp6x0jp4qgwxtudpx575wpwqespdlva2wldul9xk,3000.0
account_rdx129s8h43f5hgxgp305yt9s5pjx9kgvqcdtxue40l5jl3vhlnutvuf89,validator_rdx1sd6n65sx0thvfzfp6x0jp4qgwxtudpx575wpwqespdlva2wldul9xk,3000.0
account_rdx168esmxj65d5xrdxn6atqd99sgfuqjeq5l3cve5jqkl04q8qp77wa2a,validator_rdx1sd6n65sx0thvfzfp6x0jp4qgwxtudpx575wpwqespdlva2wldul9xk,3000.0
account_rdx169fthpj0gh7qzkg60ngsca8mwh3m67jj54g8457y0ggtdtsqusya5e,validator_rdx1sd6n65sx0thvfzfp6x0jp4qgwxtudpx575wpwqespdlva2wldul9xk,3000.0
account_rdx12xdl82qnkyf3g9j7s0c06peaf5t3c8s3m60jgqsy3v6hqp8h0wz6km,validator_rdx1sd6n65sx0thvfzfp6x0jp4qgwxtudpx575wpwqespdlva2wldul9xk,3000.0
account_rdx16yquzmdjkdt93vu39ux90z057tt9nes542592q3h6tfjtkr99lu0jt,validator_rdx1sd6n65sx0thvfzfp6x0jp4qgwxtudpx575wpwqespdlva2wldul9xk,2980.0
account_rdx16xyen9tm8cvy6qr68kw65kcam3l82l58z99p0a8s7pz3n7magzx88d,validator_rdx1sd6n65sx0thvfzfp6x0jp4qgwxtudpx575wpwqespdlva2wldul9xk,2940.0
account_rdx169c9fxwn0zwhcl35sq6hkj7vk9m76wl9m0qh6lnn49640w8kdrs8sy,validator_rdx1sd6n65sx0thvfzfp6x0jp4qgwxtudpx575wpwqespdlva2wldul9xk,2940.0
account_rdx16yhd798d98wa8ghr3tktg053zzhqkzahepxwlu3xdg4fpuk8ydg8vr,validator_rdx1sd6n65sx0thvfzfp6x0jp4qgwxtudpx575wpwqespdlva2wldul9xk,2900.0
account_rdx12xaxk9n5ljpp0yll8w40zmj0gten7q7wf8w2qymgsph85f05th3ngl,validator_rdx1sd6n65sx0thvfzfp6x0jp4qgwxtudpx575wpwqespdlva2wldul9xk,2840.0
account_rdx128eejshz846zvjer46qhz5vewf87ys6n2qhxm6qxnzkvwydknzqsax,validator_rdx1sd6n65sx0thvfzfp6x0jp4qgwxtudpx575wpwqespdlva2wldul9xk,2717.0
account_rdx169ut7m64zwrl5a94u2ug5y465l9h09kwzwtn9tcvezs3pj4ntyxuxu,validator_rdx1sd6n65sx0thvfzfp6x0jp4qgwxtudpx575wpwqespdlva2wldul9xk,2600.0
account_rdx16x3tvanktj47dm2cam47pmmmgqrcynxx8mr8n7uwsy2kmxp4d8j9a9,validator_rdx1sd6n65sx0thvfzfp6x0jp4qgwxtudpx575wpwqespdlva2wldul9xk,2600.0
account_rdx16xkwcspqnp4y4ge4r6t7wpdr3pqmawpetq3xt6cw9sm7jcej8lu84q,validator_rdx1sd6n65sx0thvfzfp6x0jp4qgwxtudpx575wpwqespdlva2wldul9xk,2600.0
account_rdx1694ullvfs94thnzrl6dplw3mxw5dyalsdv978t74ycp6zwayecenw5,validator_rdx1sd6n65sx0thvfzfp6x0jp4qgwxtudpx575wpwqespdlva2wldul9xk,2500.0
account_rdx168ke9d2eqjp2za0tcpq54zx7slak2jqh7hu4gljj05fcsg4vsqycd2,validator_rdx1sd6n65sx0thvfzfp6x0jp4qgwxtudpx575wpwqespdlva2wldul9xk,2500.0
account_rdx12xpxmwkmumghz4a8j8ngldrah7mzg9jmgnwt9qqdg62ytnvm3m00c6,validator_rdx1sd6n65sx0thvfzfp6x0jp4qgwxtudpx575wpwqespdlva2wldul9xk,2500.0
account_rdx128wa6uqtu66qkm7lmdhs73fnlhlruc5dzrwak8ayy5arcp0h4a9n99,validator_rdx1sd6n65sx0thvfzfp6x0jp4qgwxtudpx575wpwqespdlva2wldul9xk,2500.0
account_rdx128r92u9jhfkhr46c5ykzxr5kt3tm3zft9wlktgjfh08hh9z54yucpw,validator_rdx1sd6n65sx0thvfzfp6x0jp4qgwxtudpx575wpwqespdlva2wldul9xk,2400.0
account_rdx16yaa4949mcmfm0f5nej6kt4qd9m5z67xmee7yar8uz2l87aqnkf78v,validator_rdx1sd6n65sx0thvfzfp6x0jp4qgwxtudpx575wpwqespdlva2wldul9xk,2400.0
account_rdx128t8rem2t0w5sy4xhzcd3ttwkjjwtyh0vt6hu5lnwzxgz4fmvjaqjx,validator_rdx1sd6n65sx0thvfzfp6x0jp4qgwxtudpx575wpwqespdlva2wldul9xk,2215.0
account_rdx12yf4yuxnrsvjdu9hck84vhdmuzdsf0fsac9raakgghgnvmp7chc6sk,validator_rdx1sd6n65sx0thvfzfp6x0jp4qgwxtudpx575wpwqespdlva2wldul9xk,2100.1777
account_rdx168avr23lxu038amv9t73j89ggd356z4js7cez0vn4cx7c5swnsuey5,validator_rdx1sd6n65sx0thvfzfp6x0jp4qgwxtudpx575wpwqespdlva2wldul9xk,2045.0
account_rdx16y40phzdlzg6xqng4kahk9yjyhx063yc09sllsy6taf6zy3eyuzfrl,validator_rdx1sd6n65sx0thvfzfp6x0jp4qgwxtudpx575wpwqespdlva2wldul9xk,2010.0
account_rdx1292u86axl3krq8n4kxd8s4ycx40myczfd9wntw25traqzg020gpgj4,validator_rdx1sd6n65sx0thvfzfp6x0jp4qgwxtudpx575wpwqespdlva2wldul9xk,2000.0
account_rdx16xex55ycz2j0fahl08w7te4de9gs9pc2pw0vcvwghf5ge7m49234sk,validator_rdx1sd6n65sx0thvfzfp6x0jp4qgwxtudpx575wpwqespdlva2wldul9xk,2000.0
account_rdx16yyn74pdxj0jegk8hullpue6wqmtmydkkm3dlu9n89g56nu5wl4ppv,validator_rdx1sd6n65sx0thvfzfp6x0jp4qgwxtudpx575wpwqespdlva2wldul9xk,2000.0
account_rdx168e5dlld3339puqfct707adp7ltrqxvm6gc3jyhy29kylalqg5lccr,validator_rdx1sd6n65sx0thvfzfp6x0jp4qgwxtudpx575wpwqespdlva2wldul9xk,2000.0
account_rdx16xnkmgvvmnelhe8n6mkgmc7rm6wsr8q2t6rhg87c4mt5czxvd06r7t,validator_rdx1sd6n65sx0thvfzfp6x0jp4qgwxtudpx575wpwqespdlva2wldul9xk,2000.0
account_rdx128fvc0armt3xcyun0mrql7qnu654h32ylmz6jl6mnpl2f8kdnmnxdq,validator_rdx1sd6n65sx0thvfzfp6x0jp4qgwxtudpx575wpwqespdlva2wldul9xk,2000.0
account_rdx16xvdqxw6cq7p7p046d2zhjte5fv78ng8au6prhanw0vmp97c7sfy5s,validator_rdx1sd6n65sx0thvfzfp6x0jp4qgwxtudpx575wpwqespdlva2wldul9xk,2000.0
account_rdx128496dyfrmvql3yjjjgc2vjcrx58xcmx0ffzqd0rgaplru076pltt9,validator_rdx1sd6n65sx0thvfzfp6x0jp4qgwxtudpx575wpwqespdlva2wldul9xk,2000.0
account_rdx12yj3qs7w25cew9yddls6mn4elw6583gppyug0eum8ldylm2dhzh9aa,validator_rdx1sd6n65sx0thvfzfp6x0jp4qgwxtudpx575wpwqespdlva2wldul9xk,2000.0
account_rdx169c59m6cgjwkpvjfh6mnpwvprcsflzvggnyhqx5p0cxpgdrfrspjvy,validator_rdx1sd6n65sx0thvfzfp6x0jp4qgwxtudpx575wpwqespdlva2wldul9xk,2000.0
account_rdx16xmyv9qqdtfjhplam265lc62fucfy93x3xw8sddkn6hr6s7tcq7uxd,validator_rdx1sd6n65sx0thvfzfp6x0jp4qgwxtudpx575wpwqespdlva2wldul9xk,2000.0
account_rdx168xhyxuvqu7y6kctg5u893ppfw0p7ajm3kfldd80znvnvls9g7wfe3,validator_rdx1sd6n65sx0thvfzfp6x0jp4qgwxtudpx575wpwqespdlva2wldul9xk,2000.0
account_rdx16x2a4jc7cxjc7tfx9f74esqu65argp64k3ydx7jqc9tt475t8httnt,validator_rdx1sd6n65sx0thvfzfp6x0jp4qgwxtudpx575wpwqespdlva2wldul9xk,2000.0
account_rdx129uvx02wj8fkp4fqyuh6wu0xxtnsa6hzhhhfnwtyh2963vgdpas08s,validator_rdx1sd6n65sx0thvfzfp6x0jp4qgwxtudpx575wpwqespdlva2wldul9xk,2000.0
account_rdx12xkscl88msxjy67ndpcasredq8ea9f4c37lwqrvs2p9m0k35nh07ts,validator_rdx1sd6n65sx0thvfzfp6x0jp4qgwxtudpx575wpwqespdlva2wldul9xk,2000.0
account_rdx1282dxusft8lqz4azr9j35jxrdm9psv70ygz2uwqlwxzu6y29rtefrk,validator_rdx1sd6n65sx0thvfzfp6x0jp4qgwxtudpx575wpwqespdlva2wldul9xk,1950.0
account_rdx16y4x7pfc75wag89cdax6lnwk7cnwcs77wpw6sd8mwf2u9ekvwstv8q,validator_rdx1sd6n65sx0thvfzfp6x0jp4qgwxtudpx575wpwqespdlva2wldul9xk,1900.346
account_rdx12xz2dnsl25mcrddvdjzrydjtxg430hdqs3dr65p55yjayaq6c8z8n2,validator_rdx1sd6n65sx0thvfzfp6x0jp4qgwxtudpx575wpwqespdlva2wldul9xk,1900.0
account_rdx1697ajdlne03fpwnz4j9c2aklw3pyajln3eh4el67tmskaw08wwa6kt,validator_rdx1sd6n65sx0thvfzfp6x0jp4qgwxtudpx575wpwqespdlva2wldul9xk,1900.0
account_rdx1682j2tahh32rwa8c8d2zu0dkdjhdu8y2fq7k9raremzgnpvhq0hndn,validator_rdx1sd6n65sx0thvfzfp6x0jp4qgwxtudpx575wpwqespdlva2wldul9xk,1870.0
account_rdx169ha5e8g3p4hl3h8epvm6zrkdjjpv4t9yl5nk7pme37y2swnvv5ejt,validator_rdx1sd6n65sx0thvfzfp6x0jp4qgwxtudpx575wpwqespdlva2wldul9xk,1570.0
account_rdx1695nv256qhuze5025lqqhck9g08vjqwtjeyp4tj4zr4jvv8n54kg4g,validator_rdx1sd6n65sx0thvfzfp6x0jp4qgwxtudpx575wpwqespdlva2wldul9xk,1500.0
account_rdx16xeeea3sx58tmgjhn4jgggy4mcd2zcguv828u4h0m2ylg39wyjn8da,validator_rdx1sd6n65sx0thvfzfp6x0jp4qgwxtudpx575wpwqespdlva2wldul9xk,1500.0
account_rdx1694z3fs4hu9xq9msj080dke3qp95fgjd4rmevw2segk44efsg6pvas,validator_rdx1sd6n65sx0thvfzfp6x0jp4qgwxtudpx575wpwqespdlva2wldul9xk,1500.0
account_rdx16y93d5sc54sh3f6ph5czng422ge8ak7llfrgv04tcv0lr6q3ncdkrj,validator_rdx1sd6n65sx0thvfzfp6x0jp4qgwxtudpx575wpwqespdlva2wldul9xk,1500.0
account_rdx16yk4x43x2e3darwn9atlp6w0jtu8hx4gyk5acpc058wvcjn4ha740u,validator_rdx1sd6n65sx0thvfzfp6x0jp4qgwxtudpx575wpwqespdlva2wldul9xk,1403.0
account_rdx16xvv2ll903sh4fgynawrny4larf32yngswy2glg2yu3mg38w4wda8u,validator_rdx1sd6n65sx0thvfzfp6x0jp4qgwxtudpx575wpwqespdlva2wldul9xk,1350.0
account_rdx128wnwjuqk59qj5cfqcr69judsss6yukfp37fdcx8x57v5junrtfp7p,validator_rdx1sd6n65sx0thvfzfp6x0jp4qgwxtudpx575wpwqespdlva2wldul9xk,1340.0
account_rdx129ty6gkjm8yczsyg0s2rgq25w8etrgtjv3a3xhgwjhhg4yvvn9wa64,validator_rdx1sd6n65sx0thvfzfp6x0jp4qgwxtudpx575wpwqespdlva2wldul9xk,1300.0
account_rdx12ytclc359y9j44kyqj49aeh62qdj8cyt4jugt87d5j8vy58azrq4vu,validator_rdx1sd6n65sx0thvfzfp6x0jp4qgwxtudpx575wpwqespdlva2wldul9xk,1300.0
account_rdx16x8wx70wmakqa0ew9hnnpphkte5ypkydtpzhg3u84w8tjkpje3kvtp,validator_rdx1sd6n65sx0thvfzfp6x0jp4qgwxtudpx575wpwqespdlva2wldul9xk,1300.0
account_rdx1292pvuvzvg3zxeg55s4wakuztx8c2q0sgraymw2nfxqsdmqx2yvpdm,validator_rdx1sd6n65sx0thvfzfp6x0jp4qgwxtudpx575wpwqespdlva2wldul9xk,1290.0
account_rdx129f2lvusl9gylxzttc4g6ynjstyuwjd3hzr35m4shhy807lalpe60k,validator_rdx1sd6n65sx0thvfzfp6x0jp4qgwxtudpx575wpwqespdlva2wldul9xk,1150.0
account_rdx16xax7ella70td9v2wlkkxr0ry3f4hm5ranhdtrcq96ass2ralj33rm,validator_rdx1sd6n65sx0thvfzfp6x0jp4qgwxtudpx575wpwqespdlva2wldul9xk,1150.0
account_rdx169n5vme3lclgvfze8m9xaxy76q2xf4rkc48u6pczxns8g34suyx4fc,validator_rdx1sd6n65sx0thvfzfp6x0jp4qgwxtudpx575wpwqespdlva2wldul9xk,1150.0
account_rdx1687eylz9lqdssfmu6x596k07k0e2t7n8uhylyxnxwzl58dw62ja0d4,validator_rdx1sd6n65sx0thvfzfp6x0jp4qgwxtudpx575wpwqespdlva2wldul9xk,1100.0
account_rdx16xd984s7af55h0cjn0tdp62ggskvlvpm3rdja8u2szdkm8fsj7x8m0,validator_rdx1sd6n65sx0thvfzfp6x0jp4qgwxtudpx575wpwqespdlva2wldul9xk,1100.0
account_rdx16xvk45w3f3hh2395j62s5zetaq4p2fvxzt7lsxqt33uaq8ls94537p,validator_rdx1sd6n65sx0thvfzfp6x0jp4qgwxtudpx575wpwqespdlva2wldul9xk,1100.0
account_rdx12xsdsc3nr6pxumtmyeu3u7cffrua6z4jfgagu2suzdf92u6xl4stav,validator_rdx1sd6n65sx0thvfzfp6x0jp4qgwxtudpx575wpwqespdlva2wldul9xk,1100.0
account_rdx169kzhh5q29skyw7g6saevam3azvd4yj0f4wf03j673hjhzlefre2zl,validator_rdx1sd6n65sx0thvfzfp6x0jp4qgwxtudpx575wpwqespdlva2wldul9xk,1100.0
account_rdx16yu680l47v3h0yd36n9rvz8wrz2hxu9tn0n6u6xdms2u47vjr47df4,validator_rdx1sd6n65sx0thvfzfp6x0jp4qgwxtudpx575wpwqespdlva2wldul9xk,1040.0
account_rdx16yn5r0k6naarntgefvgtm940kjr4pctgvpvp30kaysx7s4md3t5uqj,validator_rdx1sd6n65sx0thvfzfp6x0jp4qgwxtudpx575wpwqespdlva2wldul9xk,1005.0
account_rdx1294w90c6zgwzyc2udp5l7w8gfn5mu09u7ydvy4xed0f72m4e099820,validator_rdx1sd6n65sx0thvfzfp6x0jp4qgwxtudpx575wpwqespdlva2wldul9xk,1002.3665
account_rdx16xf9pxkengzu9ynfxpt7uevdv3m3w2n5d48d4aq0rqc7lcfhar80q8,validator_rdx1sd6n65sx0thvfzfp6x0jp4qgwxtudpx575wpwqespdlva2wldul9xk,1000.0
account_rdx16xsjjugp4p9qqcvp0umqxp4em8pn06lq3560yl4ka92rexnn5sakfj,validator_rdx1sd6n65sx0thvfzfp6x0jp4qgwxtudpx575wpwqespdlva2wldul9xk,1000.0
account_rdx169nmsqt9cv8cpp7s9q9g943uhapfe0pxcyyx4950dk8h7cc3mf6tpv,validator_rdx1sd6n65sx0thvfzfp6x0jp4qgwxtudpx575wpwqespdlva2wldul9xk,1000.0
account_rdx16x3df00vw8fe2y7y4yh8ldyvnktkze9p83e24u5u3yl5c89wn32l7m,validator_rdx1sd6n65sx0thvfzfp6x0jp4qgwxtudpx575wpwqespdlva2wldul9xk,1000.0
account_rdx12y5wv54adg4xj5xejyxkxz7z3jd4hja9jq0s2mdhadr63cd23dqm3t,validator_rdx1sd6n65sx0thvfzfp6x0jp4qgwxtudpx575wpwqespdlva2wldul9xk,1000.0
account_rdx168asfnuc9udhhw3ppn8d57z204faggyavy45ml3ea9ejtf5frfypwd,validator_rdx1sd6n65sx0thvfzfp6x0jp4qgwxtudpx575wpwqespdlva2wldul9xk,1000.0
account_rdx1282wzwqr0n84dt5u2v63682yzp08n4ywczxl257pk25rm8wn0d4pvz,validator_rdx1sd6n65sx0thvfzfp6x0jp4qgwxtudpx575wpwqespdlva2wldul9xk,1000.0
account_rdx16xgpjrcdvkjep6xc5ysnf4fyfdwqdqts2er2x7ak0fgjyrl3yshjv4,validator_rdx1sd6n65sx0thvfzfp6x0jp4qgwxtudpx575wpwqespdlva2wldul9xk,1000.0
account_rdx16ytj0f2wv8sfht8zskddyvzgth4qrpsu57kz04j5q5r0uq5rpwvl0r,validator_rdx1sd6n65sx0thvfzfp6x0jp4qgwxtudpx575wpwqespdlva2wldul9xk,1000.0
account_rdx16yzf5jpc3hfakzr0gtemw58unfktchlkrmgzk6t9w4nzp2al50cgqx,validator_rdx1sd6n65sx0thvfzfp6x0jp4qgwxtudpx575wpwqespdlva2wldul9xk,1000.0
account_rdx1683ah7kg3ndfxxg3cf9gprw74m53l6jg96jzrwx6kurmevkdq4wkss,validator_rdx1sd6n65sx0thvfzfp6x0jp4qgwxtudpx575wpwqespdlva2wldul9xk,1000.0
account_rdx168srcupcn8t02stzfkdtc2hcgp7ky5f377n0tdreurw5g9k3527q64,validator_rdx1sd6n65sx0thvfzfp6x0jp4qgwxtudpx575wpwqespdlva2wldul9xk,1000.0
account_rdx16yghg9fpydw5rhcrtah57rpm4cp9fs72sm5sa6ujh7z4ygvr9z75cp,validator_rdx1sd6n65sx0thvfzfp6x0jp4qgwxtudpx575wpwqespdlva2wldul9xk,1000.0
account_rdx16y5prpklydp30e4vk0ra0ktwdlulv85xvxrp47guuydny74wnefqqw,validator_rdx1sd6n65sx0thvfzfp6x0jp4qgwxtudpx575wpwqespdlva2wldul9xk,1000.0
account_rdx129ccmr7t3a6qfyzq4m62nerzm04kshqjkc3lphvlvczhaguqvsvxdg,validator_rdx1sd6n65sx0thvfzfp6x0jp4qgwxtudpx575wpwqespdlva2wldul9xk,1000.0
account_rdx129waksuk4cpjwj7wm2yu44rlja9kyj0y6all5hrvzuelacy3gjma6k,validator_rdx1sd6n65sx0thvfzfp6x0jp4qgwxtudpx575wpwqespdlva2wldul9xk,1000.0
account_rdx168qqt056pcvn5fjy9kdwejnp9fyw35d9t7urgfklpc8awfmenns88k,validator_rdx1sd6n65sx0thvfzfp6x0jp4qgwxtudpx575wpwqespdlva2wldul9xk,1000.0
account_rdx12xxvx2ldejtzlygr2emygvtd8txs4dy84s3mu6leukxxxheaq9ac6h,validator_rdx1sd6n65sx0thvfzfp6x0jp4qgwxtudpx575wpwqespdlva2wldul9xk,980.0
account_rdx128ynz2mz2z8yzhuv6p5uklrm42uy0vl5p8cjdqxq4tave6zehczzlr,validator_rdx1sd6n65sx0thvfzfp6x0jp4qgwxtudpx575wpwqespdlva2wldul9xk,900.0
account_rdx16x6j4cvvmmtjv5dfw5vqh75wety6uxrm2z2yx0mzappg5ul978f4jp,validator_rdx1sd6n65sx0thvfzfp6x0jp4qgwxtudpx575wpwqespdlva2wldul9xk,870.0
account_rdx16ykgfqn94adk6repfut5y6nm35cvsd37qjedknpuvwu49uwvvaxkj2,validator_rdx1sd6n65sx0thvfzfp6x0jp4qgwxtudpx575wpwqespdlva2wldul9xk,800.0
account_rdx16yk9z5prum5vpmy0264kjt8cetv00w7d7fpcg0rwmvzquj4tsj3880,validator_rdx1sd6n65sx0thvfzfp6x0jp4qgwxtudpx575wpwqespdlva2wldul9xk,800.0
account_rdx16xgpuxh89ys2m7wzy4j8yg3v6srq2xgsmrw98ch9g6jh9uk3rhzav7,validator_rdx1sd6n65sx0thvfzfp6x0jp4qgwxtudpx575wpwqespdlva2wldul9xk,780.0
account_rdx16xavsnklk55msr3ynl7vg4qt6wz8y80ns3vty94an0l6mp2ht22c2k,validator_rdx1sd6n65sx0thvfzfp6x0jp4qgwxtudpx575wpwqespdlva2wldul9xk,780.0
account_rdx16xuevqqrhtg5a490wmrt74gx3u5e4q97gtu9rdsespv7tf26wzjrn9,validator_rdx1sd6n65sx0thvfzfp6x0jp4qgwxtudpx575wpwqespdlva2wldul9xk,769.458031101748
account_rdx12xd24vunvwxkl4eann0ra25utku25zzlk7975f0432tasaegh7dtzq,validator_rdx1sd6n65sx0thvfzfp6x0jp4qgwxtudpx575wpwqespdlva2wldul9xk,750.0
account_rdx168xcjdczs6c0fycg7jjazsuwmnup22ytz9esu2klcx8pcua2fqsa9u,validator_rdx1sd6n65sx0thvfzfp6x0jp4qgwxtudpx575wpwqespdlva2wldul9xk,700.0
account_rdx16y88sc4h4gjnsh6cn7mz4vfleex2at7n66yx9ujsct0k30yf6jx6d9,validator_rdx1sd6n65sx0thvfzfp6x0jp4qgwxtudpx575wpwqespdlva2wldul9xk,700.0
account_rdx16y8h50dj8dn4fr32nrpn0e2ukqvu7exgx288tj5y4cls4vpdmxlxht,validator_rdx1sd6n65sx0thvfzfp6x0jp4qgwxtudpx575wpwqespdlva2wldul9xk,700.0
account_rdx12ya8phel2e20df6jsd9uyrhfus4efs75dj02v95sl66xeakw4pzvxt,validator_rdx1sd6n65sx0thvfzfp6x0jp4qgwxtudpx575wpwqespdlva2wldul9xk,690.0
account_rdx12ygpzy2fcum40xxgyelnlkqu782t6qqsqzk64qv3fayfzl374fjl5j,validator_rdx1sd6n65sx0thvfzfp6x0jp4qgwxtudpx575wpwqespdlva2wldul9xk,600.0
account_rdx129ax5ds5kx6mslg7x4rtafe8yrm3nas836rahjun9k7c7j8mz4hn7x,validator_rdx1sd6n65sx0thvfzfp6x0jp4qgwxtudpx575wpwqespdlva2wldul9xk,550.0
account_rdx12865ecsxuu4v3vqsmlysemnfag4mk46gjeezlk8lajg6lpajjh7kt4,validator_rdx1sd6n65sx0thvfzfp6x0jp4qgwxtudpx575wpwqespdlva2wldul9xk,550.0
account_rdx1283fsn8j70j7j6030gggyum5pha807stveprr9hj9nmtd6u6aenkng,validator_rdx1sd6n65sx0thvfzfp6x0jp4qgwxtudpx575wpwqespdlva2wldul9xk,530.0
account_rdx16999v6d4aqt0ng22ejhm69ds2r3avdjw6rrvyehjp8vlhu6g3yp338,validator_rdx1sd6n65sx0thvfzfp6x0jp4qgwxtudpx575wpwqespdlva2wldul9xk,500.0
account_rdx16x7yjdnp079csn0lt77506v80ppfdwl08r29d3cvnqryaxjewtmlvh,validator_rdx1sd6n65sx0thvfzfp6x0jp4qgwxtudpx575wpwqespdlva2wldul9xk,500.0
account_rdx12y48etva6gt2y9numw8gaufslvkpyzjzfnk04wtqwmsmhug2sqzjt9,validator_rdx1sd6n65sx0thvfzfp6x0jp4qgwxtudpx575wpwqespdlva2wldul9xk,500.0
account_rdx12xa3mlnvzt2e84xkvl6d2z6vyjtvcd2qepvy2txk70srw7wyp8sgr6,validator_rdx1sd6n65sx0thvfzfp6x0jp4qgwxtudpx575wpwqespdlva2wldul9xk,500.0
account_rdx129n9suafv97dmh2tzufg2zm2k444qvcec5j43s7ezkjvf4mq422gzw,validator_rdx1sd6n65sx0thvfzfp6x0jp4qgwxtudpx575wpwqespdlva2wldul9xk,500.0
account_rdx12ydaae9u9qmpkv806rnjtntq8mflgmpzkywwy48zv38xlzqq0v0728,validator_rdx1sd6n65sx0thvfzfp6x0jp4qgwxtudpx575wpwqespdlva2wldul9xk,500.0
account_rdx1685dwvtzhenux4scm3vvqmrcjnxryyqhwt6p7490fzsga2xkz8e4wc,validator_rdx1sd6n65sx0thvfzfp6x0jp4qgwxtudpx575wpwqespdlva2wldul9xk,500.0
account_rdx169q0d6zqw4xp9kwatu2am8hq3ag0uzxxhj5c4q76yz89zr9gvzsksu,validator_rdx1sd6n65sx0thvfzfp6x0jp4qgwxtudpx575wpwqespdlva2wldul9xk,467.0
account_rdx168ydfsdh77sxhd4fgrtej8hkkefukgqga8xuh9vg3euc4eseqa6fap,validator_rdx1sd6n65sx0thvfzfp6x0jp4qgwxtudpx575wpwqespdlva2wldul9xk,440.0
account_rdx128syw30xax4ekkggy78cy8lg93htslr6xvemnsudnh95vt3z0dytyg,validator_rdx1sd6n65sx0thvfzfp6x0jp4qgwxtudpx575wpwqespdlva2wldul9xk,433.0
account_rdx16y2l863n8tn0es6fwee6huk0tha6ldz2cz90qzd88jksygc2mx3wdq,validator_rdx1sd6n65sx0thvfzfp6x0jp4qgwxtudpx575wpwqespdlva2wldul9xk,410.0
account_rdx128klgwel8e2sl8kgxw4lqlwkguj05xssfqgcvd5zx3erpc4w7da0ja,validator_rdx1sd6n65sx0thvfzfp6x0jp4qgwxtudpx575wpwqespdlva2wldul9xk,320.0
account_rdx16xsk2kc9rgutq6lmx79gkl2qwyj96nt6d0ppqyd895p5k860c9wsqj,validator_rdx1sd6n65sx0thvfzfp6x0jp4qgwxtudpx575wpwqespdlva2wldul9xk,300.0
account_rdx128p259uk8sm0y7wvtrtrpzqx6j7w4ptf0wfdmvyctrgppe2c3l5vnu,validator_rdx1sd6n65sx0thvfzfp6x0jp4qgwxtudpx575wpwqespdlva2wldul9xk,300.0
account_rdx169j9t5gmfmnclhj2vvkzvaurx2sjuxthhg55p6xhpqudgzpemlhpne,validator_rdx1sd6n65sx0thvfzfp6x0jp4qgwxtudpx575wpwqespdlva2wldul9xk,300.0
account_rdx168vxuy44n390g7hs3ntjt3ljraaxx2c3tetvewzrf7jkstut7zucdr,validator_rdx1sd6n65sx0thvfzfp6x0jp4qgwxtudpx575wpwqespdlva2wldul9xk,250.0
account_rdx16xerlarrh33zwp9pjluugd55pk5eszxspnyu5t0cwxjjsch8lgcywu,validator_rdx1sd6n65sx0thvfzfp6x0jp4qgwxtudpx575wpwqespdlva2wldul9xk,230.0
account_rdx168nsqwhsx4du6nksw4wvqd94a06cmdgn7lavsceacv4wrf9ssarl77,validator_rdx1sd6n65sx0thvfzfp6x0jp4qgwxtudpx575wpwqespdlva2wldul9xk,230.0
account_rdx169907la9hldkyqgdngrgs4jn9s7a4el650dw8sgdfrtadnc7a2wkxw,validator_rdx1sd6n65sx0thvfzfp6x0jp4qgwxtudpx575wpwqespdlva2wldul9xk,230.0
account_rdx16xhhs2ez092qxs5vcse9usse4ryelwjf56c7t38xxs0e7sna5gdyll,validator_rdx1sd6n65sx0thvfzfp6x0jp4qgwxtudpx575wpwqespdlva2wldul9xk,230.0
account_rdx169dev5wchcs6u2up8ar59kxxme7tnn0uk4yz26fvwc9ckgchm6ns56,validator_rdx1sd6n65sx0thvfzfp6x0jp4qgwxtudpx575wpwqespdlva2wldul9xk,230.0
account_rdx168n62dwuyf97kdpemgzkeut9zy5cclujshs32y95yrmgzat2y5s48e,validator_rdx1sd6n65sx0thvfzfp6x0jp4qgwxtudpx575wpwqespdlva2wldul9xk,230.0
account_rdx169834rgkjrvfpl35urvmndnj7azln0cnndmh070d7gre7rtssm7njw,validator_rdx1sd6n65sx0thvfzfp6x0jp4qgwxtudpx575wpwqespdlva2wldul9xk,230.0
account_rdx16xlek8ls0ryadjcl928m49r42rwpwdaxkpfgt4mluetlxhusglmmtw,validator_rdx1sd6n65sx0thvfzfp6x0jp4qgwxtudpx575wpwqespdlva2wldul9xk,230.0
account_rdx168qv9n90t756qh4lml48uhw5tsjdfvf6cqhn2reyspsz8vfnrzj7u6,validator_rdx1sd6n65sx0thvfzfp6x0jp4qgwxtudpx575wpwqespdlva2wldul9xk,230.0
account_rdx168qjcmflkpcys4cpgw0mqy83ng4zx7sgmqmth4jvx547rn5nxl67cm,validator_rdx1sd6n65sx0thvfzfp6x0jp4qgwxtudpx575wpwqespdlva2wldul9xk,230.0
account_rdx1684xay0e40ctjdt00e9l36f2v9uzlxw7pwxmxp3nmyljxh62sxmuez,validator_rdx1sd6n65sx0thvfzfp6x0jp4qgwxtudpx575wpwqespdlva2wldul9xk,230.0
account_rdx169lj3duq7tuz5hth7kph83mw5xke5mpgj3zpxyhvmq8dg9jw65q30s,validator_rdx1sd6n65sx0thvfzfp6x0jp4qgwxtudpx575wpwqespdlva2wldul9xk,230.0
account_rdx12yfgcaylmhtt7x5sqj6mf6xzdwz7re7segycy2459nu7j65fe6qvje,validator_rdx1sd6n65sx0thvfzfp6x0jp4qgwxtudpx575wpwqespdlva2wldul9xk,200.0
account_rdx129xn45hm9wty7dvqdfmspydny2qcc954zyfahd0ry9heg3tm54q2qh,validator_rdx1sd6n65sx0thvfzfp6x0jp4qgwxtudpx575wpwqespdlva2wldul9xk,200.0
account_rdx16ydszy8zt0ue264yt0pnelx5dpvupu3td6hgcv8q47g2e68d954t7n,validator_rdx1sd6n65sx0thvfzfp6x0jp4qgwxtudpx575wpwqespdlva2wldul9xk,200.0
account_rdx128tc0xjhdul93rtykg9yasg7vrrznv6vn4ep8aj0m55gmveju7xzjg,validator_rdx1sd6n65sx0thvfzfp6x0jp4qgwxtudpx575wpwqespdlva2wldul9xk,200.0
account_rdx16xuzuzfrrzyng3j26gp75l0pqw3jyh6kg5795vn3sxzp6jqgeftvp2,validator_rdx1sd6n65sx0thvfzfp6x0jp4qgwxtudpx575wpwqespdlva2wldul9xk,150.0
account_rdx1684t2wnphnkuanreermlyy8nmppwd8kqvk53tx2d5jn43fyl4awehg,validator_rdx1sd6n65sx0thvfzfp6x0jp4qgwxtudpx575wpwqespdlva2wldul9xk,143.0
account_rdx16xu080djvn7cqz0ah9h4tlhyc5rr32j9q0sph2hpw6fjgm9rcfzm0d,validator_rdx1sd6n65sx0thvfzfp6x0jp4qgwxtudpx575wpwqespdlva2wldul9xk,130.0
account_rdx169pt2vxmsrzlrgeha89d7qkrpwhk37xfxzyl3k7qkwwe72r9tj07x2,validator_rdx1sd6n65sx0thvfzfp6x0jp4qgwxtudpx575wpwqespdlva2wldul9xk,130.0
account_rdx16xme74awflgt450daqz28x66yhx8l0c37lvu029dccss6um8u7rcrz,validator_rdx1sd6n65sx0thvfzfp6x0jp4qgwxtudpx575wpwqespdlva2wldul9xk,130.0
account_rdx16x0ee5xypunm5zm95kyt339xlwaaegh5znvaj252qqz3044s7qj039,validator_rdx1sd6n65sx0thvfzfp6x0jp4qgwxtudpx575wpwqespdlva2wldul9xk,130.0
account_rdx16xg94jznqn8yew47rnrrzqy5r30tr7plvzntcurg7vsx2n5mdakdty,validator_rdx1sd6n65sx0thvfzfp6x0jp4qgwxtudpx575wpwqespdlva2wldul9xk,130.0
account_rdx168443lwk0ls0smqhk2fefgv9h9u80jq86c230m90w0zs0efnzqy9sd,validator_rdx1sd6n65sx0thvfzfp6x0jp4qgwxtudpx575wpwqespdlva2wldul9xk,130.0
account_rdx169y6ex5qfkugk99gm20848mmm2hf4uec3sqpxha849rn74af4nxvz4,validator_rdx1sd6n65sx0thvfzfp6x0jp4qgwxtudpx575wpwqespdlva2wldul9xk,130.0
account_rdx169wjzcnv4jttr8rhchqygxjthvz4dned5sm080jylzrhxpwzdzwwfq,validator_rdx1sd6n65sx0thvfzfp6x0jp4qgwxtudpx575wpwqespdlva2wldul9xk,130.0
account_rdx16y583yfnuzpuwlq0pxulp3cqjewpks05agc7jg36w9l98ldk5hqg5u,validator_rdx1sd6n65sx0thvfzfp6x0jp4qgwxtudpx575wpwqespdlva2wldul9xk,130.0
account_rdx168jf7f0pd5cfuzd84qa6m9jw7xanged5xpc49hkkkx2mav88fl20lk,validator_rdx1sd6n65sx0thvfzfp6x0jp4qgwxtudpx575wpwqespdlva2wldul9xk,130.0
account_rdx128zm302ej0sqgyjst74sgmmg4wyqxse8cs2x7kkezlp6ukjp4wesxt,validator_rdx1sd6n65sx0thvfzfp6x0jp4qgwxtudpx575wpwqespdlva2wldul9xk,120.0
account_rdx12y8d5jfu9j040zjsf8y6x3afpel0ykgfx3gs0vv38fvl8gxu28r3tg,validator_rdx1sd6n65sx0thvfzfp6x0jp4qgwxtudpx575wpwqespdlva2wldul9xk,101.0
account_rdx169gu44s89keve8755wfads84t0cd2whlqt62gn93kp50zma60uzs2t,validator_rdx1sd6n65sx0thvfzfp6x0jp4qgwxtudpx575wpwqespdlva2wldul9xk,100.0
account_rdx16x8n4q2avj7jfkvu3mqckutgffnfxs3aczz9ecdf4p6k2lplfxveuu,validator_rdx1sd6n65sx0thvfzfp6x0jp4qgwxtudpx575wpwqespdlva2wldul9xk,100.0
account_rdx16xm4clyanxtgf3vegna89yqce5k3zrp2cc97mspw9yzuwyxjm6yz79,validator_rdx1sd6n65sx0thvfzfp6x0jp4qgwxtudpx575wpwqespdlva2wldul9xk,100.0
account_rdx16y93vj2k4e5w44f0znqedzgm704kdcqyj89detjd8luk2uurws2tm3,validator_rdx1sd6n65sx0thvfzfp6x0jp4qgwxtudpx575wpwqespdlva2wldul9xk,100.0
account_rdx168vapd5j54fn7q2g4gkfl0d6lhnrmv2pgvnm43jcm86xy8vhc7zy4r,validator_rdx1sd6n65sx0thvfzfp6x0jp4qgwxtudpx575wpwqespdlva2wldul9xk,100.0
account_rdx16xuu9xf0p99vnayw5xaxwcv7wygrw6a9lnspee4m7vy56grz3ltup0,validator_rdx1sd6n65sx0thvfzfp6x0jp4qgwxtudpx575wpwqespdlva2wldul9xk,100.0
account_rdx169w7cwncq3vlq4wsjy8qw2s86a3plwfr2r0n78xf0vv22080v6n5w4,validator_rdx1sd6n65sx0thvfzfp6x0jp4qgwxtudpx575wpwqespdlva2wldul9xk,100.0
account_rdx16xcmqhzlq5z73np9fcc2yj0ldx0k9a3dtm300ucmd0atad32sdracd,validator_rdx1sd6n65sx0thvfzfp6x0jp4qgwxtudpx575wpwqespdlva2wldul9xk,100.0
account_rdx169vursrscpe8akqnwu83g20re0fr2ec9f6yv93fau6gy9r9k4dtale,validator_rdx1sd6n65sx0thvfzfp6x0jp4qgwxtudpx575wpwqespdlva2wldul9xk,100.0
account_rdx16y5f62yy9kzt83fnv0nmrvzt0zpzedkzeal8t3l0ljggsclgxpfx59,validator_rdx1sd6n65sx0thvfzfp6x0jp4qgwxtudpx575wpwqespdlva2wldul9xk,100.0
account_rdx16yfc2d8pdt069ggyvsvh40zqp7latc7lshuug49y6q0va3lftc69jy,validator_rdx1sd6n65sx0thvfzfp6x0jp4qgwxtudpx575wpwqespdlva2wldul9xk,100.0
account_rdx169zsa4l3nm88hjsapyjcw4223w6y9zt0t6s43xkrr76ya9juaxgzm2,validator_rdx1sd6n65sx0thvfzfp6x0jp4qgwxtudpx575wpwqespdlva2wldul9xk,100.0
account_rdx16xufmwj5at77hyjg9eyy44p7fnzwcattzt5zu4w8ur235d9z0w0wzy,validator_rdx1sd6n65sx0thvfzfp6x0jp4qgwxtudpx575wpwqespdlva2wldul9xk,100.0
account_rdx169eqs5fr2uvxsu6akxdghxhnqhqm04u8ys7fheryqkphvnlau3wanl,validator_rdx1sd6n65sx0thvfzfp6x0jp4qgwxtudpx575wpwqespdlva2wldul9xk,100.0
account_rdx129nntlnv7u9lsfar4zeqrh9t6k06t5ml33lkhme9chwd9sphq73g0u,validator_rdx1sd6n65sx0thvfzfp6x0jp4qgwxtudpx575wpwqespdlva2wldul9xk,100.0
account_rdx169wdnq6vd0cc9kzc7cxqs63k2pque7udhnsn4s40r624hvl6fejkq4,validator_rdx1sd6n65sx0thvfzfp6x0jp4qgwxtudpx575wpwqespdlva2wldul9xk,100.0
account_rdx1683c5vr20e52pyv8d3uzuy37l6jk48jn9zrgzzrv3v0p4dnra4r4g0,validator_rdx1sd6n65sx0thvfzfp6x0jp4qgwxtudpx575wpwqespdlva2wldul9xk,100.0
account_rdx169qvk8wanjxh3h0suy3qp3q3z2t5u2wdu4px2j57kn82qfh2chjuc0,validator_rdx1sd6n65sx0thvfzfp6x0jp4qgwxtudpx575wpwqespdlva2wldul9xk,100.0
account_rdx16yzeqqeah26gswmknakzxxqtqr2q6k8gfqq4vtt7hkl0y78zx6vahx,validator_rdx1sd6n65sx0thvfzfp6x0jp4qgwxtudpx575wpwqespdlva2wldul9xk,100.0
account_rdx169uf5sn90y9p7a4znglm2dgjepz5udm8mxq4y0sx7h7mqq23g8063j,validator_rdx1sd6n65sx0thvfzfp6x0jp4qgwxtudpx575wpwqespdlva2wldul9xk,100.0
account_rdx168vsaxsc6rj6l0gj75k9e8hh3p4e9agy4fal2mj9rh58y8xs8wmc3x,validator_rdx1sd6n65sx0thvfzfp6x0jp4qgwxtudpx575wpwqespdlva2wldul9xk,100.0
account_rdx16yzpz0zgntyqfm79522ndrcwuxte53c6ryh85kchm9xe7yu0fdn6r3,validator_rdx1sd6n65sx0thvfzfp6x0jp4qgwxtudpx575wpwqespdlva2wldul9xk,100.0
account_rdx168qj0fz804e84cy9ey9swdj695mnhy26hxsqy4m8xvtm48kdxlseu2,validator_rdx1sd6n65sx0thvfzfp6x0jp4qgwxtudpx575wpwqespdlva2wldul9xk,100.0
account_rdx169gcdcf6pgn7cqx307zzcackvsw9hledghup8gz0st36v2s5mk7v9x,validator_rdx1sd6n65sx0thvfzfp6x0jp4qgwxtudpx575wpwqespdlva2wldul9xk,100.0
account_rdx16y8ak90rn5twfcs5gucdfvnj8p6dg3ky4res5k09krf3xrzgw69s0k,validator_rdx1sd6n65sx0thvfzfp6x0jp4qgwxtudpx575wpwqespdlva2wldul9xk,100.0
account_rdx16ywvj7nvguh9zl2jnx0mmt0k6tshkpts5ccql8z8c52lskz25a4mhk,validator_rdx1sd6n65sx0thvfzfp6x0jp4qgwxtudpx575wpwqespdlva2wldul9xk,100.0
account_rdx169azzyuy4y5nltvtp9tq49yj8mum0gce2ld8q8e8c32v9xl80yvt3y,validator_rdx1sd6n65sx0thvfzfp6x0jp4qgwxtudpx575wpwqespdlva2wldul9xk,100.0
account_rdx168yjmtc2mpsf5w79z05akv6psetv8kpzf890k024gzhl7v8y7l5m2m,validator_rdx1sd6n65sx0thvfzfp6x0jp4qgwxtudpx575wpwqespdlva2wldul9xk,100.0
account_rdx16x72rmak48nmgzf5zp482et84xd999yvgnjsxu8mda6camgw2gh3hj,validator_rdx1sd6n65sx0thvfzfp6x0jp4qgwxtudpx575wpwqespdlva2wldul9xk,100.0
account_rdx168jwcaadvld2060ttzxgun43avmz7frasl00mz9vdmartg9jhw209g,validator_rdx1sd6n65sx0thvfzfp6x0jp4qgwxtudpx575wpwqespdlva2wldul9xk,100.0
account_rdx12ylhs6t5jggwzcwecvrc2gelrt99ta5jseu5xddkg7nqq99anf3ypy,validator_rdx1sd6n65sx0thvfzfp6x0jp4qgwxtudpx575wpwqespdlva2wldul9xk,80.0
account_rdx12yrsny5z77896ckv9ze3hdl8c0zcyvkh2ns0v6p33sjheqa8gssvw9,validator_rdx1sd6n65sx0thvfzfp6x0jp4qgwxtudpx575wpwqespdlva2wldul9xk,63.0
account_rdx16xmckujdl0k86ztlkkguwukqgxacfa0vldq3kwn8yc7nn5n44kam9e,validator_rdx1sd6n65sx0thvfzfp6x0jp4qgwxtudpx575wpwqespdlva2wldul9xk,60.0
account_rdx169pmn30wftgt2m2hwmkgdj3fknd5dafswlwfqfh874leswq5fxaz0p,validator_rdx1sd6n65sx0thvfzfp6x0jp4qgwxtudpx575wpwqespdlva2wldul9xk,50.0
account_rdx12x8jaqlc5uu850chhkhjfkjqtrlw0n5xp5dq7r4mrva75gk0javrlx,validator_rdx1sd6n65sx0thvfzfp6x0jp4qgwxtudpx575wpwqespdlva2wldul9xk,50.0
account_rdx168sj7sf3k8w3vtk4m9753jm0tk6tws6a2cu5cw6nl75yxwnsc34xw0,validator_rdx1sd6n65sx0thvfzfp6x0jp4qgwxtudpx575wpwqespdlva2wldul9xk,50.0
account_rdx128efc8kmssk432dwfseack3m8lt4ug9hh2j9g55seqzvu3q2qa5qc3,validator_rdx1sd6n65sx0thvfzfp6x0jp4qgwxtudpx575wpwqespdlva2wldul9xk,50.0
account_rdx16xdxkfsrv6cwweahfu79tkgs20r080lzfcs22wfg3mnlt5zwm75seq,validator_rdx1sd6n65sx0thvfzfp6x0jp4qgwxtudpx575wpwqespdlva2wldul9xk,50.0
account_rdx16865a3mea8scdw9h9lufgrvdenwp52m4rrsmrwf8x92re3dhv7lm35,validator_rdx1sd6n65sx0thvfzfp6x0jp4qgwxtudpx575wpwqespdlva2wldul9xk,28.3
account_rdx12xa0xkghv8qvwdwtthjcezun7f5zpr0f03xmc49w8gsj72937crvyg,validator_rdx1sd6n65sx0thvfzfp6x0jp4qgwxtudpx575wpwqespdlva2wldul9xk,11.4
account_rdx129txsfwe49gfk83lv7w8vpkgdqezv8ahwemz8njjmegnlznxu5dmxw,validator_rdx1sd6n65sx0thvfzfp6x0jp4qgwxtudpx575wpwqespdlva2wldul9xk,10.0
account_rdx16yg5zdvc6lv56m7v38uwz3427vvxvfsg3ldjzptuh0wf86h7ljhr7m,validator_rdx1sd6n65sx0thvfzfp6x0jp4qgwxtudpx575wpwqespdlva2wldul9xk,4.0
account_rdx1684nwksx433xfqe9c9024sct9tq93q94umwruh0srs6mnewnkzzysg,validator_rdx1sd6n65sx0thvfzfp6x0jp4qgwxtudpx575wpwqespdlva2wldul9xk,2.0
account_rdx169ue6f7nf989kvpm9am75n8jjsp3x92ecsdxq47slqddrgyzgthfzc,validator_rdx1sd6n65sx0thvfzfp6x0jp4qgwxtudpx575wpwqespdlva2wldul9xk,2.0
account_rdx16935zzhd0me9sckl70lchf5g5s9x2dfcf4vu7d9vsfytlwhwk5xkyh,validator_rdx1sd6n65sx0thvfzfp6x0jp4qgwxtudpx575wpwqespdlva2wldul9xk,0.000000000000000003
